0      70.8381
1      75.878
2      0
3      56.7052
4      99.9965
5      0
6      99.9975
7      0
8      0
9      96.8888
TotalProfit   377.57
0      0
1      96.2988
2      84.4539
3      0
4      85.2715
5      0
6      93.9559
7      0
8      0
9      99.999
TotalProfit   259.342
0      74.8876
1      49.3749
2      0
3      0
4      72.6148
5      0
6      99.9997
7      86.2923
8      0
9      99.9997
TotalProfit   248.663
0      56.3741
1      100
2      100
3      0
4      0
5      100
6      0
7      100
8      0
9      100
TotalProfit   139.365
0      55.458
1      0
2      56.0484
3      99.9703
4      0
5      68.8592
6      84.1565
7      0
8      0
9      0
TotalProfit   322.153
0      31.4179
1      76.8456
2      0
3      0
4      99.9962
5      0
6      0
7      76.5582
8      70.8886
9      70.8243
TotalProfit   311.915
0      58.8679
1      97.068
2      5.72138e-05
3      0
4      90.187
5      99.9847
6      86.2234
7      0
8      53.4395
9      0
TotalProfit   234.765
0      61.5381
1      99.9998
2      0
3      0
4      0
5      44.8209
6      44.3276
7      93.6555
8      0
9      67.7134
TotalProfit   358.156
0      0
1      100
2      4.75226
3      0.000590743
4      0
5      100
6      100
7      100
8      88.0531
9      100
TotalProfit   394.024
0      76.3678
1      0
2      74.717
3      0
4      79.0125
5      1.08448e-05
6      75.3798
7      71.0721
8      0
9      99.9194
TotalProfit   296.252
0      0
1      99.999
2      99.9958
3      0
4      27.4081
5      81.6955
6      99.9739
7      0
8      83.3285
9      0
TotalProfit   366.98
0      67.4204
1      99.9999
2      0
3      0
4      99.9998
5      80.7995
6      99.9999
7      99.9738
8      0
9      0
TotalProfit   434.294
0      0
1      0
2      0
3      100
4      100
5      100
6      1.22354e-05
7      9.65159
8      100
9      100
TotalProfit   176.204
0      72.2488
1      0
2      39.7834
3      3.55831e-05
4      0
5      99.9996
6      53.5135
7      0
8      71.1757
9      81.5521
TotalProfit   460.166
0      0
1      99.9986
2      100
3      0
4      81.7768
5      0
6      87.976
7      98.4355
8      95.9682
9      0
TotalProfit   256.469
0      0
1      58.2282
2      99.9981
3      70.0654
4      0
5      99.9981
6      0
7      53.275
8      83.5558
9      99.9981
TotalProfit   366.568
0      66.5359
1      99.9992
2      0
3      0
4      0
5      99.9992
6      0
7      99.8366
8      71.205
9      32.5837
TotalProfit   287.598
0      86.2047
1      99.9993
2      0
3      59.2952
4      0
5      99.9863
6      99.9998
7      99.9998
8      58.5278
9      0
TotalProfit   298.295
0      0
1      0
2      50.1176
3      74.2132
4      52.7937
5      0
6      88.79
7      0
8      52.4971
9      87.4596
TotalProfit   366.477
0      99.9996
1      78.9709
2      99.9978
3      0
4      0
5      99.9985
6      0
7      79.4505
8      0
9      97.7353
TotalProfit   248.525
