0      0.033958
1      82.6469
2      96.9268
3      99.9931
4      0
5      100
6      0.033958
7      100
8      99.9931
9      99.9922
10      98.7382
11      55.1931
12      74.0536
13      68.4861
14      100
15      100
16      100
17      100
18      99.9975
19      82.3016
20      99.9931
21      99.9864
22      1.88702
23      80.1809
24      0
25      100
26      0
27      93.1106
28      17.609
29      99.9864
30      0.033958
31      82.9704
32      0.033958
33      0.033958
34      98.7382
35      100
36      45.279
37      0
38      0.00752528
39      60.2394
40      100
41      100
42      100
43      1.44346
44      45.279
45      0
46      100
47      82.9704
48      100
49      0.00752528
TotalProfit   1618.6
