0      89.7113
1      99.818
2      0
3      89.3979
4      99.9448
5      99.7519
6      26.7524
7      57.5768
8      0.000669318
9      88.7462
10      0
11      99.9924
12      1.45447
13      99.9448
14      92.5968
15      0.000669318
16      99.9924
17      99.9946
18      99.9448
19      94.1489
20      0
21      70.2228
22      0
23      0
24      78.7521
25      1.45447
26      0.000669318
27      0
28      85.9384
29      0
30      57.3256
31      93.5656
32      89.4396
33      0
34      38.272
35      94.1728
36      13.51
37      0
38      0.000669318
39      79.148
40      99.9924
41      0
42      63.0506
43      99.0532
44      63.9246
45      82.7534
46      92.643
47      55.2606
48      57.5768
49      99.8143
TotalProfit   1537.62
