0      51.6874
1      0
2      0
3      0.00218633
4      83.2121
5      48.5125
6      0.00218633
7      99.9928
8      99.9829
9      99.9928
10      0.00218633
11      77.9507
12      0
13      99.9928
14      0.000464855
15      0
16      99.979
17      51.6885
18      99.986
19      99.9985
20      80.1292
21      73.9722
22      0.00218633
23      0.00218633
24      99.9928
25      99.5206
26      0.00218633
27      80.6968
28      64.827
29      80.1292
30      0
31      93.0606
32      48.5125
33      99.9829
34      99.9985
35      98.3822
36      99.9928
37      99.9928
38      90.3188
39      74.8397
40      80.5456
41      0.00218633
42      74.8397
43      98.4534
44      0.000464855
45      99.979
46      70.5262
47      99.9928
48      99.986
49      73.9722
TotalProfit   1665.2
