0      0
1      93.1765
2      0.00013581
3      99.9854
4      93.1765
5      0
6      99.9854
7      52.2504
8      27.8115
9      98.3277
10      0.00013581
11      43.5439
12      99.9854
13      0.00013581
14      99.9968
15      99.9968
16      69.1868
17      0
18      99.879
19      0
20      85.9242
21      42.5325
22      58.0017
23      33.4368
24      0
25      66.7176
26      99.9854
27      0.00013581
28      64.6102
29      0
30      92.2343
31      0
32      49.65
33      99.9854
34      0
35      98.3277
36      0
37      72.4447
38      99.9695
39      98.3277
40      99.9968
41      99.9765
42      0.00013581
43      88.09
44      99.9765
45      99.9695
46      64.6102
47      0.00013581
48      99.9854
49      65.5955
TotalProfit   1827.33
