0      0
1      99.9887
2      79.6032
3      0
4      99.9733
5      98.3695
6      0
7      0
8      87.1572
9      52.2966
10      92.2582
11      0
12      64.3593
13      97.0665
14      86.2244
15      59.0824
16      99.9837
17      0
18      0
19      0
20      99.9837
21      0
22      99.9733
23      64.1559
24      60.7368
25      80.4715
26      79.6032
27      99.9905
28      78.6336
29      64.1559
30      79.6032
31      0
32      71.7565
33      84.7934
34      59.8034
35      99.9733
36      53.9807
37      73.8856
38      4.30256
39      84.6874
40      0
41      0
42      64.3593
43      99.9733
44      71.7565
45      94.8106
46      0
47      0
48      99.9887
49      99.9883
TotalProfit   1737.26
