0      0
1      70.8149
2      57.2144
3      99.9781
4      99.9813
5      78.9158
6      99.9813
7      99.9684
8      0
9      88.5716
10      99.9434
11      72.5978
12      0
13      99.9781
14      63.8943
15      0
16      90.8935
17      99.831
18      0
19      63.9761
20      0
21      67.077
22      99.8255
23      72.1226
24      0
25      99.8255
26      0
27      63.9761
28      99.9781
29      99.3532
30      0
31      88.1315
32      0
33      0
34      86.5249
35      73.2555
36      99.3532
37      99.9684
38      99.3532
39      99.8255
40      63.9761
41      99.9684
42      2.81653
43      90.8935
44      0
45      0
46      0
47      0
48      1.56962
49      99.9434
TotalProfit   1549.19
