0      0.00231342
1      66.6911
2      0
3      99.9985
4      0.00231342
5      93.4085
6      51.8957
7      35.2688
8      59.35
9      76.6571
10      0
11      83.4467
12      0
13      99.9196
14      0.00231342
15      72.7441
16      91.4112
17      0
18      0
19      99.9985
20      58.5793
21      0
22      99.9674
23      99.9985
24      93.4085
25      0.00231342
26      89.6588
27      2.25561
28      16.8148
29      0
30      88.5067
31      0
32      92.4141
33      99.9985
34      0
35      0
36      0
37      99.9985
38      99.9674
39      73.821
40      73.2105
41      76.679
42      73.6679
43      80.337
44      99.9985
45      96.3739
46      0
47      99.9985
48      96.4756
49      99.9985
TotalProfit   1694.63
