0      99.4225
1      1.17513
2      44.0261
3      95.6147
4      100
5      100
6      64.043
7      0
8      88.1154
9      64.043
10      0
11      70.6254
12      72.8659
13      0
14      87.1543
15      88.1154
16      97.6772
17      0
18      87.7794
19      0
20      88.1154
21      100
22      0
23      84.2488
24      0
25      100
26      100
27      88.513
28      100
29      94.4992
30      100
31      51.3578
32      0
33      0
34      60.369
35      75.0718
36      0
37      0
38      48.9066
39      100
40      0
41      100
42      0
43      64.043
44      0
45      58.5366
46      5.35281
47      100
48      48.9066
49      64.043
TotalProfit   1734.72
