0      98.9299
1      0
2      0
3      0
4      99.982
5      67.5926
6      61.7671
7      59.5897
8      99.9034
9      99.982
10      58.692
11      88.6809
12      0
13      62.221
14      0
15      99.9942
16      0
17      57.9546
18      92.9473
19      99.9942
20      99.9905
21      98.3648
22      87.8344
23      0
24      0
25      99.9034
26      90.4069
27      99.9942
28      0
29      99.9841
30      0.69925
31      99.9034
32      0
33      0
34      99.9841
35      0
36      99.9034
37      97.7793
38      97.7793
39      51.1086
40      87.9764
41      92.9473
42      87.5659
43      0
44      58.5441
45      0
46      72.725
47      67.5926
48      90.3387
49      0
TotalProfit   2152.37
