0      99.9958
1      0
2      99.9959
3      98.2711
4      0
5      99.9958
6      74.1417
7      44.8505
8      0
9      0
10      99.99
11      91.8939
12      0
13      58.3141
14      73.9277
15      0
16      0
17      99.9958
18      0
19      0
20      97.8127
21      0
22      0
23      90.904
24      51.7915
25      90.9009
26      0
27      0
28      0
29      64.5442
30      99.99
31      76.6664
32      99.99
33      0
34      99.9958
35      82.9554
36      99.9959
37      90.904
38      97.0907
39      51.7915
40      99.9959
41      66.6959
42      72.5957
43      50.4035
44      0
45      99.9958
46      99.9958
47      0
48      99.9959
49      0
TotalProfit   1633.84
