0      0.000309843
1      52.479
2      99.9949
3      0.00160998
4      79.257
5      0
6      91.7201
7      99.4071
8      91.7201
9      44.4605
10      99.983
11      99.983
12      97.4126
13      74.7054
14      0
15      99.983
16      0
17      0
18      99.4071
19      0
20      0
21      73.8231
22      74.7054
23      62.4139
24      82.5449
25      0
26      99.983
27      0
28      99.9949
29      74.6667
30      99.983
31      0.00160998
32      0
33      99.983
34      85.6777
35      49.9604
36      99.0661
37      71.0515
38      74.7381
39      91.7416
40      82.1753
41      99.4071
42      94.334
43      93.8252
44      90.158
45      0
46      99.8028
47      1.91092
48      0.00160998
49      99.983
TotalProfit   1975.35
