0      0
1      74.6527
2      78.3051
3      0.00786484
4      0
5      99.991
6      66.5834
7      99.991
8      0
9      0.00786484
10      73.274
11      99.9997
12      80.9828
13      0
14      91.2641
15      90.2157
16      99.991
17      69.6389
18      99.9997
19      99.9997
20      0
21      57.3609
22      0
23      0
24      65.9441
25      99.9997
26      94.5991
27      0
28      53.9657
29      0
30      99.991
31      65.9441
32      42.7726
33      99.991
34      70.9711
35      99.9997
36      99.991
37      8.81743
38      99.991
39      0.00786484
40      65.9441
41      70.9711
42      99.9997
43      0.00786484
44      99.9996
45      0.00786484
46      0
47      99.991
48      0
49      99.9997
TotalProfit   1884.51
