0      88.9773
1      99.9968
2      63.7147
3      0
4      73.9928
5      89.059
6      99.9633
7      99.9968
8      99.9968
9      97.6756
10      99.1027
11      0
12      0.0141087
13      0
14      0
15      74.0144
16      47.1587
17      0
18      6.9761
19      97.2972
20      97.6756
21      54.0787
22      99.9943
23      78.85
24      99.8922
25      0
26      67.4096
27      15.3772
28      67.495
29      0.0141087
30      0
31      99.9943
32      88.9773
33      66.0253
34      0
35      97.2972
36      91.4324
37      99.9633
38      57.2064
39      54.0787
40      99.9943
41      99.9943
42      99.9943
43      74.0144
44      0
45      90.8643
46      88.7315
47      99.9943
48      80.334
49      93.0056
TotalProfit   1963.49
