0      99.9171
1      99.9954
2      0
3      0
4      99.9431
5      99.9954
6      77.4624
7      65.4216
8      55.4019
9      0
10      99.9969
11      67.4548
12      99.9431
13      97.4115
14      0
15      82.9205
16      0
17      0
18      7.34499
19      94.424
20      92.2731
21      94.3966
22      0
23      99.3406
24      0
25      84.2993
26      83.9167
27      0
28      77.4624
29      57.3757
30      0
31      0
32      99.8567
33      99.66
34      84.7117
35      84.7117
36      99.9171
37      99.9728
38      48.6492
39      91.5474
40      81.4774
41      81.4774
42      0
43      81.4774
44      99.9954
45      61.4953
46      0
47      71.5648
48      83.9361
49      99.9959
TotalProfit   1642.65
