0      0
1      0.00198545
2      99.9902
3      95.634
4      63.382
5      99.9634
6      90.114
7      93.6752
8      0
9      93.1219
10      0
11      0
12      54.0827
13      93.1219
14      95.634
15      0
16      62.9283
17      84.5775
18      99.992
19      44.9831
20      0
21      99.7102
22      85.6739
23      81.6076
24      0
25      74.4466
26      0
27      99.9634
28      99.7102
29      0
30      89.266
31      72.9091
32      0.0398879
33      80.4553
34      0
35      0.00198545
36      0
37      99.8681
38      88.7588
39      99.7102
40      99.9902
41      0
42      99.9545
43      99.992
44      99.992
45      99.992
46      0
47      84.6567
48      72.3767
49      71.2606
TotalProfit   1652.16
