0      59.3677
1      0.149262
2      0
3      58.0116
4      0
5      0.149262
6      84.4535
7      99.9889
8      51.4302
9      51.4521
10      99.9889
11      0
12      0
13      0
14      0
15      10.1923
16      0.014472
17      51.4302
18      53.9085
19      93.9247
20      97.437
21      85.8369
22      99.9976
23      72.1499
24      75.9915
25      0.077717
26      99.29
27      99.9976
28      85.6596
29      99.9943
30      99.9998
31      0.149262
32      99.9889
33      99.9998
34      29.4749
35      99.7563
36      79.3545
37      55.9882
38      99.9976
39      99.29
40      99.9976
41      0
42      99.9997
43      0.149262
44      60.5225
45      99.9889
46      99.9943
47      99.9998
48      84.4535
49      59.3677
TotalProfit   1767.45
