0      99.9719
1      99.9594
2      99.9719
3      76.2764
4      88.8055
5      0
6      99.9782
7      0
8      79.6227
9      99.9719
10      58.5599
11      0
12      0
13      84.2107
14      71.2626
15      76.2764
16      90.7244
17      99.993
18      0.157367
19      84.8345
20      0
21      0
22      0.157367
23      0
24      85.0445
25      71.2626
26      0
27      0
28      0
29      99.9719
30      99.9719
31      99.9719
32      68.356
33      88.8055
34      58.5599
35      74.8468
36      74.8468
37      85.0445
38      76.2764
39      0
40      79.753
41      0
42      58.5599
43      99.9782
44      0
45      0.157367
46      99.9719
47      99.9719
48      99.9719
49      76.2977
TotalProfit   1293.47
