0      0.000102947
1      89.3935
2      0.000102947
3      99.9916
4      67.5402
5      95.3615
6      51.8327
7      75.0364
8      58.0499
9      99.9962
10      59.8006
11      0
12      47.1964
13      75.0364
14      40.4149
15      99.8295
16      81.4262
17      0
18      99.9916
19      95.3615
20      99.8773
21      99.8548
22      0
23      43.0549
24      63.8795
25      0.000102947
26      0.000102947
27      99.9969
28      0.000102947
29      0.000102947
30      71.8295
31      0.000102947
32      64.8818
33      99.9916
34      51.8327
35      1.16112
36      0.000102947
37      99.9916
38      80.295
39      81.4203
40      75.0364
41      99.8773
42      59.8006
43      71.8295
44      0
45      99.8773
46      0
47      99.9288
48      0
49      78.2988
TotalProfit   1643.73
