0      74.6439
1      0.00536579
2      99.7512
3      99.7512
4      0
5      54.9716
6      0
7      0
8      68.9556
9      97.9386
10      0.0091693
11      0
12      0
13      0
14      81.5463
15      73.1513
16      99.9822
17      0
18      0
19      99.9124
20      80.6969
21      88.9215
22      99.9394
23      0
24      0
25      84.0573
26      92.4939
27      0.0091693
28      95.0287
29      73.4733
30      94.2609
31      0
32      0
33      84.0573
34      63.2345
35      88.9215
36      69.5257
37      99.9249
38      99.7519
39      65.8411
40      0
41      0.00536579
42      83.1465
43      92.9152
44      81.9316
45      89.7709
46      99.7519
47      0
48      44.1888
49      0.00102236
TotalProfit   1709.94
