0      75.0907
1      99.978
2      78.2738
3      99.9909
4      94.4457
5      0.0305564
6      77.6353
7      0
8      0
9      0
10      48.2803
11      62.8559
12      99.9968
13      0
14      0
15      0.0305564
16      0.117817
17      0
18      83.2504
19      87.6093
20      93.1194
21      0.00538138
22      49.3845
23      98.4219
24      0
25      0
26      94.3936
27      99.9968
28      0
29      99.9909
30      98.4219
31      78.6627
32      42.1736
33      0
34      64.8946
35      0
36      98.4219
37      99.9968
38      57.7589
39      98.2706
40      99.9968
41      82.5271
42      0
43      0
44      99.9968
45      98.4219
46      99.9909
47      99.9909
48      99.9909
49      0.173242
TotalProfit   1677.23
