0      0
1      0
2      0
3      64
4      0
5      68
6      72
7      0
8      0
9      73
10      100
11      86
12      92
13      0
14      86
15      0
16      100
17      0
18      86
19      100
20      0
21      100
22      100
23      64
24      0
25      64
26      0
27      92
28      100
29      82
30      0
31      100
32      84
33      100
34      64
35      100
36      96
37      100
38      100
39      100
40      0
41      0
42      0
43      100
44      59
45      0
46      64
47      0
48      84
49      0
TotalProfit   1492.91
