0      95
1      99
2      20
3      100
4      58
5      54
6      0
7      81
8      0
9      0
10      0
11      85
12      54
13      95
14      71
15      92
16      100
17      71
18      0
19      0
20      100
21      43
22      97
23      0
24      0
25      0
26      0
27      100
28      100
29      0
30      0
31      95
32      0
33      0
34      0
35      81
36      0
37      95
38      100
39      0
40      61
41      0
42      61
43      62
44      100
45      100
46      93
47      67
48      61
49      0
TotalProfit   1950.94
