0      97
1      80
2      72
3      65
4      92
5      79
6      100
7      0
8      0
9      81
10      85
11      0
12      68
13      98
14      74
15      0
16      0
17      100
18      0
19      0
20      0
21      89
22      96
23      0
24      0
25      0
26      73
27      0
28      0
29      80
30      0
31      0
32      100
33      77
34      100
35      100
36      100
37      100
38      80
39      100
40      0
41      61
42      0
43      59
44      0
45      0
46      77
47      78
48      0
49      0
TotalProfit   1534.38
