0      0
1      100
2      54
3      0
4      87
5      67
6      0
7      64
8      0
9      100
10      0
11      0
12      100
13      0
14      0
15      64
16      0
17      88
18      0
19      100
20      93
21      95
22      100
23      75
24      95
25      0
26      100
27      99
28      0
29      78
30      0
31      90
32      83
33      0
34      97
35      0
36      100
37      0
38      100
39      95
40      100
41      0
42      83
43      75
44      51
45      0
46      0
47      0
48      91
49      78
TotalProfit   1596.39
