0      59
1      100
2      100
3      0
4      68
5      98
6      0
7      0
8      77
9      96
10      0
11      74
12      100
13      0
14      0
15      95
16      100
17      0
18      0
19      0
20      0
21      65
22      0
23      0
24      100
25      77
26      80
27      0
28      66
29      0
30      100
31      59
32      100
33      77
34      0
35      100
36      100
37      100
38      0
39      0
40      98
41      56
42      0
43      77
44      0
45      100
46      56
47      100
48      0
49      0
TotalProfit   1362.09
