0      75
1      81
2      52
3      62
4      95
5      100
6      100
7      1
8      0
9      100
10      0
11      0
12      100
13      79
14      0
15      0
16      79
17      66
18      0
19      75
20      0
21      71
22      0
23      0
24      91
25      0
26      86
27      86
28      100
29      0
30      82
31      66
32      100
33      0
34      80
35      86
36      0
37      92
38      0
39      100
40      95
41      100
42      0
43      100
44      96
45      0
46      0
47      98
48      0
49      0
TotalProfit   1525.88
