0      100
1      0
2      100
3      82
4      49
5      0
6      0
7      0
8      57
9      0
10      0
11      100
12      0
13      0
14      100
15      100
16      0
17      0
18      100
19      93
20      0
21      77
22      100
23      0
24      0
25      100
26      75
27      54
28      52
29      80
30      0
31      95
32      0
33      87
34      77
35      76
36      100
37      0
38      60
39      0
40      100
41      94
42      61
43      0
44      0
45      87
46      79
47      63
48      78
49      100
TotalProfit   1848.67
