0      0
1      62
2      0
3      0
4      0
5      0
6      88
7      62
8      62
9      79
10      100
11      0
12      0
13      0
14      0
15      3
16      0
17      62
18      94
19      100
20      96
21      99
22      100
23      100
24      99
25      60
26      0
27      62
28      100
29      100
30      0
31      0
32      100
33      0
34      0
35      40
36      0
37      91
38      0
39      0
40      99
41      96
42      92
43      65
44      93
45      0
46      73
47      0
48      0
49      69
TotalProfit   1536.18
