0      73
1      0
2      0
3      100
4      75
5      52
6      61
7      0
8      51
9      100
10      95
11      100
12      0
13      75
14      100
15      100
16      0
17      0
18      0
19      61
20      22
21      0
22      0
23      58
24      78
25      0
26      73
27      83
28      55
29      97
30      0
31      0
32      51
33      0
34      82
35      95
36      0
37      0
38      0
39      100
40      0
41      0
42      100
43      68
44      74
45      100
46      76
47      0
48      79
49      94
TotalProfit   1957.69
