0      0
1      95
2      100
3      82
4      100
5      0
6      0
7      98
8      0
9      82
10      0
11      33
12      100
13      100
14      0
15      96
16      88
17      0
18      0
19      0
20      74
21      100
22      0
23      100
24      73
25      0
26      64
27      92
28      0
29      0
30      4
31      100
32      0
33      61
34      74
35      0
36      92
37      100
38      0
39      100
40      78
41      0
42      0
43      0
44      100
45      85
46      86
47      100
48      0
49      54
TotalProfit   1678.83
