0      0
1      100
2      100
3      0
4      51
5      76
6      100
7      100
8      79
9      65
10      0
11      85
12      0
13      0
14      89
15      67
16      100
17      0
18      100
19      100
20      75
21      100
22      96
23      0
24      61
25      0
26      0
27      99
28      89
29      68
30      0
31      0
32      0
33      100
34      0
35      100
36      0
37      0
38      0
39      0
40      100
41      100
42      68
43      0
44      0
45      75
46      0
47      53
48      0
49      68
TotalProfit   1672.22
