0      89
1      0
2      0
3      58
4      93
5      89
6      100
7      97
8      0
9      84
10      0
11      0
12      100
13      85
14      0
15      0
16      90
17      85
18      100
19      100
20      85
21      100
22      100
23      0
24      99
25      100
26      0
27      81
28      0
29      89
30      0
31      79
32      0
33      47
34      68
35      0
36      64
37      66
38      66
39      0
40      100
41      0
42      0
43      89
44      0
45      0
46      0
47      90
48      100
49      68
TotalProfit   1495.03
