0      39
1      87
2      0
3      0
4      100
5      0
6      0
7      84
8      84
9      79
10      0
11      99
12      66
13      79
14      0
15      77
16      87
17      0
18      0
19      81
20      87
21      84
22      0
23      0
24      0
25      94
26      62
27      0
28      92
29      93
30      69
31      100
32      39
33      100
34      100
35      56
36      52
37      91
38      0
39      76
40      0
41      0
42      0
43      0
44      0
45      100
46      100
47      0
48      0
49      0
TotalProfit   1524.71
