0      0
1      0
2      68
3      0
4      62
5      93
6      51
7      0
8      71
9      71
10      0
11      0
12      98
13      44
14      0
15      100
16      99
17      0
18      80
19      0
20      74
21      59
22      0
23      0
24      96
25      87
26      0
27      100
28      0
29      59
30      0
31      76
32      0
33      59
34      0
35      59
36      60
37      87
38      71
39      59
40      57
41      76
42      0
43      82
44      0
45      85
46      83
47      100
48      50
49      98
TotalProfit   1873.5
