0      0
1      100
2      100
3      0
4      0
5      97
6      70
7      0
8      95
9      100
10      100
11      0
12      71
13      43
14      0
15      78
16      0
17      100
18      71
19      100
20      100
21      0
22      0
23      79
24      0
25      92
26      100
27      99
28      73
29      0
30      0
31      0
32      95
33      89
34      76
35      86
36      0
37      1
38      0
39      71
40      100
41      70
42      100
43      0
44      0
45      0
46      100
47      0
48      78
49      100
TotalProfit   1661.6
