0      95
1      100
2      0
3      100
4      0
5      95
6      98
7      100
8      78
9      83
10      64
11      0
12      89
13      0
14      95
15      100
16      0
17      79
18      79
19      0
20      86
21      99
22      0
23      0
24      0
25      0
26      100
27      0
28      92
29      0
30      0
31      0
32      53
33      0
34      100
35      100
36      0
37      0
38      0
39      70
40      100
41      0
42      0
43      82
44      85
45      100
46      0
47      92
48      78
49      78
TotalProfit   1777.67
