0      0
1      96
2      84
3      87
4      64
5      0
6      76
7      98
8      100
9      100
10      0
11      100
12      0
13      0
14      0
15      100
16      68
17      0
18      0
19      63
20      0
21      86
22      0
23      100
24      0
25      86
26      0
27      100
28      72
29      76
30      0
31      76
32      0
33      68
34      54
35      100
36      0
37      0
38      0
39      0
40      75
41      76
42      100
43      81
44      0
45      0
46      63
47      72
48      0
49      100
TotalProfit   1824.85
