0      80
1      0
2      0
3      100
4      100
5      100
6      0
7      76
8      59
9      62
10      90
11      0
12      0
13      89
14      62
15      78
16      0
17      97
18      0
19      77
20      91
21      0
22      0
23      0
24      64
25      88
26      76
27      84
28      78
29      0
30      0
31      70
32      32
33      56
34      62
35      0
36      0
37      70
38      0
39      70
40      0
41      100
42      0
43      100
44      99
45      0
46      0
47      70
48      100
49      80
TotalProfit   1830.15
