0      99
1      100
2      100
3      95
4      0
5      0
6      92
7      97
8      0
9      0
10      0
11      80
12      0
13      100
14      0
15      87
16      0
17      0
18      100
19      0
20      100
21      84
22      81
23      0
24      80
25      71
26      0
27      0
28      42
29      48
30      72
31      0
32      100
33      100
34      69
35      69
36      100
37      0
38      65
39      100
40      54
41      77
42      0
43      100
44      65
45      100
46      0
47      100
48      100
49      0
TotalProfit   1338.32
