0      0
1      53
2      0
3      65
4      0
5      100
6      0
7      53
8      75
9      0
10      100
11      100
12      93
13      82
14      100
15      0
16      0
17      0
18      91
19      0
20      100
21      0
22      99
23      76
24      26
25      0
26      100
27      76
28      0
29      0
30      93
31      100
32      0
33      66
34      0
35      98
36      100
37      100
38      0
39      90
40      100
41      100
42      100
43      0
44      57
45      0
46      0
47      57
48      86
49      75
TotalProfit   1837.34
