0      100
1      57
2      87
3      0
4      0
5      100
6      0
7      100
8      0
9      85
10      0
11      79
12      57
13      100
14      0
15      100
16      100
17      80
18      79
19      79
20      63
21      0
22      76
23      63
24      0
25      89
26      93
27      100
28      96
29      0
30      0
31      58
32      100
33      0
34      100
35      0
36      32
37      97
38      0
39      59
40      0
41      97
42      96
43      63
44      76
45      67
46      97
47      81
48      100
49      76
50      0
51      96
52      100
53      78
54      0
55      0
56      100
57      100
58      0
59      40
60      0
61      79
62      77
63      100
64      100
65      0
66      41
67      100
68      58
69      0
70      57
71      100
72      0
73      76
74      78
75      87
76      0
77      54
78      100
79      2
80      0
81      0
82      0
83      93
84      13
85      72
86      100
87      0
88      100
89      0
90      0
91      100
92      100
93      0
94      100
95      0
96      76
97      0
98      69
99      100
100      0
101      67
102      0
103      0
104      0
105      100
106      0
107      0
108      0
109      100
110      93
111      100
112      80
113      0
114      48
115      77
116      82
117      32
118      77
119      0
120      72
121      0
122      0
123      100
124      100
125      82
126      78
127      76
128      100
129      87
130      0
131      100
132      62
133      0
134      71
135      100
136      100
137      66
138      57
139      0
140      0
141      93
142      0
143      89
144      63
145      100
146      95
147      100
148      93
149      85
150      100
151      0
152      58
153      67
154      0
155      93
156      100
157      67
158      100
159      85
160      100
161      100
162      100
163      62
164      0
165      79
166      87
167      100
168      0
169      0
170      100
171      46
172      100
173      0
174      73
175      97
176      100
177      93
178      100
179      0
180      100
181      97
182      100
183      93
184      0
185      0
186      87
187      100
188      0
189      0
190      100
191      100
192      0
193      0
194      76
195      83
196      100
197      0
198      59
199      100
TotalProfit   6438.07
