0      66
1      76
2      100
3      95
4      98
5      0
6      71
7      62
8      77
9      100
10      93
11      72
12      0
13      61
14      81
15      0
16      0
17      61
18      100
19      60
20      0
21      100
22      55
23      69
24      88
25      96
26      100
27      0
28      0
29      98
30      100
31      0
32      0
33      54
34      0
35      81
36      84
37      100
38      0
39      0
40      79
41      62
42      100
43      100
44      82
45      88
46      0
47      100
48      53
49      100
50      71
51      100
52      88
53      71
54      0
55      93
56      100
57      37
58      100
59      88
60      100
61      0
62      0
63      100
64      76
65      69
66      93
67      53
68      77
69      0
70      76
71      100
72      0
73      86
74      0
75      0
76      0
77      0
78      62
79      60
80      0
81      0
82      0
83      55
84      84
85      0
86      0
87      62
88      100
89      88
90      100
91      0
92      0
93      77
94      0
95      0
96      86
97      61
98      100
99      0
100      0
101      88
102      0
103      94
104      100
105      100
106      96
107      55
108      93
109      77
110      0
111      100
112      96
113      98
114      94
115      0
116      99
117      0
118      77
119      77
120      84
121      88
122      0
123      100
124      88
125      100
126      100
127      98
128      74
129      0
130      100
131      57
132      61
133      0
134      76
135      0
136      0
137      100
138      100
139      0
140      77
141      62
142      100
143      0
144      98
145      96
146      77
147      71
148      0
149      0
150      71
151      48
152      77
153      100
154      100
155      100
156      0
157      100
158      90
159      84
160      0
161      0
162      81
163      0
164      0
165      0
166      93
167      0
168      0
169      0
170      98
171      0
172      0
173      0
174      0
175      77
176      93
177      100
178      51
179      100
180      0
181      0
182      100
183      75
184      53
185      100
186      53
187      66
188      1
189      77
190      74
191      82
192      100
193      100
194      99
195      0
196      0
197      93
198      0
199      0
TotalProfit   7148.31
