0      0
1      72
2      61
3      100
4      100
5      77
6      100
7      100
8      0
9      94
10      97
11      71
12      0
13      100
14      58
15      0
16      91
17      97
18      0
19      63
20      0
21      71
22      97
23      77
24      0
25      94
26      0
27      68
28      100
29      97
30      0
31      96
32      100
33      0
34      80
35      77
36      97
37      100
38      98
39      97
40      67
41      0
42      0
43      87
44      0
45      0
46      0
47      0
48      0
49      98
50      75
51      100
52      99
53      99
54      0
55      58
56      0
57      0
58      81
59      97
60      0
61      0
62      84
63      0
64      71
65      81
66      100
67      84
68      98
69      100
70      81
71      84
72      100
73      0
74      100
75      89
76      92
77      0
78      89
79      77
80      94
81      0
82      0
83      89
84      62
85      93
86      72
87      100
88      100
89      62
90      0
91      0
92      94
93      94
94      81
95      97
96      99
97      0
98      99
99      0
100      0
101      100
102      71
103      0
104      38
105      94
106      0
107      0
108      81
109      0
110      81
111      0
112      64
113      96
114      80
115      58
116      100
117      0
118      0
119      0
120      100
121      0
122      99
123      68
124      63
125      77
126      79
127      100
128      60
129      63
130      77
131      0
132      64
133      80
134      0
135      99
136      55
137      72
138      0
139      77
140      0
141      0
142      54
143      100
144      67
145      93
146      0
147      0
148      100
149      100
150      0
151      89
152      0
153      100
154      71
155      98
156      0
157      89
158      59
159      100
160      63
161      0
162      0
163      68
164      0
165      99
166      81
167      0
168      100
169      94
170      99
171      99
172      0
173      52
174      67
175      0
176      0
177      100
178      0
179      0
180      77
181      0
182      68
183      100
184      0
185      0
186      0
187      100
188      71
189      80
190      77
191      99
192      63
193      68
194      0
195      0
196      0
197      0
198      0
199      72
TotalProfit   6564.89
