0      0
1      92
2      53
3      100
4      100
5      100
6      0
7      100
8      74
9      68
10      0
11      0
12      0
13      0
14      100
15      100
16      82
17      0
18      74
19      0
20      100
21      89
22      18
23      100
24      97
25      0
26      100
27      82
28      96
29      85
30      0
31      0
32      79
33      76
34      100
35      72
36      0
37      0
38      89
39      79
40      64
41      53
42      98
43      69
44      82
45      89
46      96
47      100
48      96
49      66
50      0
51      5
52      0
53      100
54      0
55      0
56      0
57      0
58      0
59      100
60      0
61      100
62      96
63      82
64      0
65      96
66      100
67      100
68      82
69      0
70      53
71      85
72      82
73      0
74      92
75      73
76      100
77      79
78      82
79      0
80      69
81      0
82      38
83      100
84      0
85      0
86      100
87      85
88      76
89      82
90      0
91      0
92      57
93      97
94      0
95      0
96      96
97      100
98      0
99      79
100      60
101      59
102      0
103      0
104      100
105      100
106      100
107      100
108      94
109      0
110      59
111      0
112      100
113      100
114      0
115      63
116      100
117      79
118      100
119      53
120      76
121      100
122      100
123      100
124      72
125      85
126      100
127      0
128      88
129      0
130      76
131      100
132      68
133      0
134      0
135      69
136      79
137      0
138      0
139      96
140      57
141      96
142      53
143      89
144      79
145      77
146      0
147      100
148      72
149      0
150      0
151      100
152      100
153      0
154      98
155      0
156      48
157      0
158      0
159      0
160      72
161      0
162      85
163      0
164      0
165      100
166      92
167      0
168      64
169      0
170      100
171      96
172      100
173      0
174      100
175      66
176      92
177      82
178      53
179      61
180      100
181      64
182      0
183      72
184      72
185      100
186      85
187      100
188      77
189      100
190      100
191      97
192      74
193      89
194      0
195      100
196      100
197      0
198      0
199      52
TotalProfit   7667.84
