0      0
1      0
2      97
3      76
4      100
5      65
6      51
7      47
8      100
9      100
10      99
11      100
12      100
13      92
14      83
15      100
16      99
17      73
18      70
19      100
20      92
21      0
22      0
23      92
24      100
25      83
26      0
27      100
28      66
29      51
30      100
31      83
32      0
33      63
34      0
35      0
36      0
37      0
38      0
39      76
40      0
41      62
42      0
43      0
44      0
45      100
46      59
47      0
48      54
49      0
50      0
51      0
52      0
53      84
54      54
55      0
56      89
57      51
58      100
59      100
60      79
61      0
62      73
63      100
64      0
65      0
66      100
67      0
68      100
69      0
70      0
71      0
72      100
73      0
74      83
75      0
76      100
77      92
78      70
79      0
80      55
81      89
82      51
83      100
84      77
85      100
86      0
87      0
88      98
89      79
90      0
91      0
92      0
93      0
94      100
95      70
96      68
97      89
98      0
99      66
100      54
101      0
102      0
103      0
104      83
105      100
106      0
107      100
108      89
109      83
110      89
111      83
112      100
113      100
114      0
115      0
116      85
117      0
118      70
119      0
120      0
121      100
122      100
123      100
124      0
125      0
126      100
127      0
128      60
129      100
130      92
131      0
132      100
133      51
134      100
135      100
136      0
137      100
138      70
139      0
140      0
141      100
142      100
143      93
144      86
145      99
146      0
147      86
148      100
149      0
150      83
151      73
152      76
153      0
154      0
155      0
156      100
157      0
158      93
159      75
160      0
161      100
162      92
163      54
164      0
165      76
166      0
167      0
168      83
169      3
170      100
171      92
172      0
173      100
174      0
175      37
176      100
177      54
178      0
179      55
180      100
181      92
182      0
183      100
184      100
185      89
186      100
187      83
188      47
189      99
190      51
191      86
192      100
193      100
194      100
195      0
196      93
197      100
198      100
199      100
TotalProfit   6292.97
