0      76
1      0
2      100
3      97
4      100
5      0
6      47
7      0
8      0
9      91
10      0
11      100
12      100
13      100
14      100
15      87
16      87
17      83
18      87
19      89
20      100
21      100
22      47
23      98
24      65
25      62
26      0
27      100
28      100
29      0
30      0
31      0
32      0
33      0
34      89
35      62
36      57
37      100
38      100
39      87
40      46
41      0
42      71
43      69
44      100
45      0
46      100
47      71
48      100
49      0
50      62
51      0
52      100
53      97
54      100
55      100
56      0
57      83
58      100
59      100
60      0
61      79
62      97
63      100
64      100
65      77
66      80
67      100
68      0
69      37
70      77
71      87
72      100
73      0
74      48
75      47
76      0
77      76
78      100
79      72
80      0
81      62
82      0
83      83
84      0
85      0
86      57
87      0
88      87
89      66
90      0
91      0
92      77
93      100
94      87
95      100
96      63
97      100
98      0
99      0
100      83
101      0
102      69
103      0
104      100
105      100
106      97
107      89
108      0
109      100
110      100
111      93
112      0
113      100
114      83
115      0
116      100
117      100
118      0
119      0
120      100
121      100
122      0
123      0
124      94
125      91
126      100
127      0
128      89
129      77
130      94
131      0
132      100
133      0
134      69
135      58
136      0
137      100
138      0
139      99
140      100
141      91
142      100
143      0
144      55
145      0
146      0
147      69
148      0
149      0
150      100
151      100
152      72
153      0
154      0
155      100
156      100
157      69
158      0
159      100
160      69
161      0
162      100
163      0
164      92
165      0
166      0
167      0
168      100
169      100
170      0
171      69
172      0
173      0
174      58
175      89
176      0
177      100
178      62
179      100
180      100
181      66
182      53
183      0
184      0
185      62
186      64
187      0
188      100
189      69
190      0
191      100
192      48
193      85
194      100
195      58
196      62
197      0
198      69
199      0
TotalProfit   7162.16
