0      0
1      0
2      100
3      100
4      100
5      2
6      0
7      76
8      76
9      0
10      95
11      0
12      71
13      0
14      0
15      54
16      73
17      0
18      100
19      100
20      99
21      100
22      92
23      0
24      55
25      72
26      0
27      99
28      100
29      0
30      100
31      100
32      0
33      55
34      59
35      55
36      100
37      90
38      73
39      100
40      0
41      100
42      67
43      68
44      0
45      100
46      0
47      0
48      61
49      60
50      0
51      0
52      65
53      65
54      86
55      68
56      0
57      76
58      0
59      0
60      99
61      100
62      100
63      0
64      0
65      71
66      0
67      99
68      0
69      55
70      54
71      0
72      54
73      0
74      95
75      94
76      100
77      0
78      100
79      92
80      62
81      100
82      100
83      99
84      8
85      99
86      82
87      65
88      100
89      100
90      45
91      95
92      95
93      99
94      72
95      61
96      0
97      72
98      0
99      99
100      0
101      100
102      0
103      0
104      92
105      60
106      0
107      60
108      0
109      0
110      0
111      85
112      100
113      0
114      65
115      61
116      92
117      59
118      0
119      90
120      76
121      67
122      65
123      76
124      0
125      0
126      73
127      95
128      100
129      87
130      97
131      92
132      0
133      70
134      72
135      99
136      99
137      85
138      92
139      99
140      99
141      65
142      76
143      0
144      100
145      100
146      100
147      99
148      64
149      76
150      0
151      0
152      0
153      0
154      65
155      100
156      100
157      100
158      99
159      85
160      0
161      0
162      71
163      61
164      76
165      100
166      0
167      60
168      61
169      95
170      100
171      0
172      85
173      100
174      0
175      99
176      0
177      0
178      86
179      0
180      97
181      86
182      0
183      0
184      0
185      94
186      61
187      85
188      99
189      99
190      0
191      100
192      64
193      100
194      55
195      71
196      100
197      0
198      0
199      60
TotalProfit   6575.18
