0      100
1      100
2      70
3      100
4      85
5      100
6      75
7      50
8      100
9      100
10      0
11      0
12      96
13      71
14      70
15      62
16      51
17      100
18      100
19      60
20      68
21      100
22      87
23      0
24      95
25      55
26      75
27      100
28      0
29      71
30      100
31      95
32      100
33      44
34      100
35      64
36      57
37      50
38      100
39      0
40      0
41      0
42      55
43      44
44      0
45      71
46      0
47      100
48      0
49      100
50      64
51      81
52      68
53      70
54      93
55      0
56      0
57      64
58      100
59      92
60      0
61      100
62      73
63      0
64      0
65      100
66      0
67      100
68      81
69      100
70      100
71      68
72      81
73      0
74      100
75      100
76      100
77      50
78      92
79      0
80      99
81      92
82      97
83      64
84      100
85      95
86      100
87      0
88      0
89      75
90      84
91      71
92      81
93      92
94      68
95      0
96      65
97      100
98      0
99      100
100      100
101      49
102      97
103      95
104      100
105      96
106      50
107      55
108      77
109      0
110      0
111      95
112      87
113      81
114      0
115      100
116      0
117      0
118      80
119      0
120      98
121      57
122      55
123      100
124      0
125      100
126      75
127      100
128      95
129      100
130      100
131      0
132      100
133      64
134      0
135      65
136      51
137      55
138      0
139      0
140      75
141      100
142      75
143      95
144      26
145      100
146      71
147      0
148      0
149      55
150      64
151      75
152      95
153      85
154      0
155      0
156      100
157      0
158      0
159      0
160      100
161      0
162      100
163      100
164      0
165      99
166      0
167      0
168      100
169      0
170      100
171      0
172      0
173      0
174      100
175      99
176      68
177      0
178      95
179      100
180      55
181      100
182      0
183      100
184      97
185      92
186      0
187      0
188      0
189      62
190      81
191      51
192      0
193      55
194      100
195      100
196      57
197      0
198      68
199      0
TotalProfit   7080.45
