0      68
1      70
2      79
3      100
4      100
5      97
6      81
7      100
8      0
9      70
10      0
11      0
12      66
13      74
14      0
15      100
16      77
17      56
18      81
19      0
20      100
21      62
22      74
23      100
24      99
25      79
26      67
27      100
28      69
29      71
30      77
31      100
32      0
33      100
34      67
35      0
36      97
37      0
38      100
39      48
40      0
41      100
42      100
43      100
44      0
45      81
46      48
47      62
48      85
49      85
50      100
51      0
52      0
53      73
54      94
55      85
56      0
57      92
58      62
59      0
60      87
61      0
62      0
63      0
64      51
65      2
66      100
67      92
68      100
69      79
70      0
71      87
72      0
73      91
74      100
75      100
76      2
77      53
78      91
79      100
80      85
81      74
82      81
83      99
84      100
85      0
86      0
87      77
88      100
89      0
90      100
91      100
92      0
93      55
94      0
95      81
96      79
97      74
98      67
99      100
100      0
101      53
102      100
103      100
104      0
105      7
106      0
107      85
108      59
109      64
110      74
111      64
112      95
113      56
114      100
115      100
116      100
117      0
118      87
119      0
120      59
121      0
122      56
123      0
124      77
125      87
126      0
127      100
128      0
129      53
130      0
131      74
132      77
133      48
134      0
135      0
136      100
137      100
138      0
139      0
140      0
141      87
142      100
143      56
144      0
145      0
146      100
147      0
148      99
149      100
150      61
151      62
152      0
153      93
154      61
155      99
156      0
157      100
158      0
159      92
160      53
161      46
162      0
163      0
164      0
165      51
166      0
167      100
168      0
169      100
170      71
171      0
172      0
173      0
174      0
175      100
176      0
177      0
178      100
179      59
180      74
181      100
182      77
183      0
184      100
185      100
186      0
187      77
188      0
189      0
190      81
191      99
192      88
193      97
194      51
195      79
196      92
197      97
198      92
199      56
TotalProfit   7583.62
