0      0
1      57
2      100
3      0
4      88
5      0
6      92
7      100
8      96
9      0
10      100
11      100
12      98
13      76
14      0
15      100
16      0
17      0
18      100
19      0
20      0
21      76
22      81
23      49
24      88
25      0
26      100
27      0
28      100
29      86
30      100
31      0
32      0
33      100
34      90
35      49
36      100
37      72
38      90
39      100
40      82
41      100
42      99
43      92
44      90
45      0
46      100
47      0
48      0
49      100
50      99
51      100
52      0
53      0
54      100
55      100
56      81
57      60
58      44
59      0
60      100
61      76
62      100
63      96
64      0
65      82
66      0
67      0
68      0
69      92
70      81
71      88
72      0
73      82
74      0
75      87
76      81
77      0
78      59
79      0
80      0
81      0
82      98
83      99
84      82
85      83
86      100
87      100
88      44
89      82
90      80
91      74
92      2
93      78
94      100
95      57
96      0
97      66
98      77
99      0
100      0
101      76
102      77
103      1
104      0
105      100
106      64
107      90
108      0
109      0
110      73
111      100
112      78
113      0
114      96
115      88
116      96
117      64
118      100
119      100
120      53
121      57
122      0
123      0
124      66
125      100
126      84
127      0
128      70
129      0
130      100
131      70
132      44
133      91
134      72
135      100
136      100
137      0
138      100
139      0
140      60
141      72
142      100
143      0
144      100
145      1
146      0
147      100
148      0
149      100
150      91
151      100
152      64
153      0
154      76
155      90
156      100
157      100
158      100
159      100
160      99
161      0
162      0
163      0
164      0
165      77
166      100
167      0
168      0
169      99
170      100
171      0
172      100
173      82
174      99
175      88
176      0
177      0
178      64
179      0
180      0
181      100
182      88
183      72
184      100
185      92
186      90
187      100
188      57
189      57
190      100
191      100
192      100
193      76
194      96
195      95
196      88
197      100
198      78
199      96
TotalProfit   7469.35
