0      78
1      100
2      100
3      89
4      100
5      100
6      0
7      69
8      0
9      78
10      98
11      100
12      0
13      100
14      89
15      0
16      100
17      100
18      100
19      97
20      0
21      74
22      0
23      0
24      76
25      0
26      0
27      0
28      81
29      0
30      71
31      94
32      82
33      0
34      49
35      94
36      0
37      0
38      14
39      78
40      100
41      0
42      71
43      100
44      66
45      84
46      91
47      51
48      64
49      100
50      81
51      97
52      81
53      100
54      89
55      100
56      84
57      0
58      0
59      100
60      51
61      61
62      100
63      64
64      0
65      0
66      0
67      0
68      84
69      85
70      93
71      0
72      52
73      99
74      0
75      100
76      93
77      100
78      47
79      100
80      99
81      80
82      51
83      94
84      68
85      74
86      99
87      100
88      58
89      98
90      100
91      91
92      100
93      0
94      100
95      100
96      100
97      100
98      100
99      0
100      100
101      97
102      0
103      71
104      99
105      0
106      100
107      0
108      73
109      0
110      58
111      0
112      0
113      78
114      66
115      74
116      94
117      100
118      0
119      78
120      0
121      0
122      3
123      0
124      80
125      71
126      0
127      0
128      0
129      0
130      100
131      100
132      59
133      0
134      52
135      71
136      66
137      91
138      71
139      0
140      80
141      0
142      59
143      0
144      0
145      0
146      0
147      100
148      100
149      0
150      100
151      0
152      100
153      100
154      0
155      100
156      71
157      49
158      0
159      0
160      100
161      94
162      0
163      58
164      85
165      0
166      0
167      100
168      0
169      0
170      91
171      0
172      0
173      93
174      52
175      91
176      0
177      0
178      0
179      57
180      99
181      78
182      100
183      0
184      100
185      78
186      100
187      0
188      94
189      54
190      100
191      64
192      78
193      51
194      0
195      100
196      100
197      0
198      100
199      0
TotalProfit   6179.46
