0      97
1      63
2      100
3      98
4      86
5      67
6      98
7      65
8      0
9      56
10      69
11      100
12      90
13      85
14      0
15      0
16      0
17      0
18      100
19      97
20      0
21      87
22      93
23      56
24      87
25      100
26      0
27      89
28      100
29      100
30      56
31      97
32      76
33      100
34      96
35      100
36      0
37      0
38      58
39      89
40      49
41      0
42      0
43      0
44      0
45      93
46      0
47      0
48      0
49      81
50      100
51      0
52      0
53      100
54      76
55      67
56      72
57      100
58      0
59      87
60      78
61      88
62      36
63      0
64      77
65      62
66      100
67      100
68      100
69      97
70      62
71      89
72      65
73      0
74      0
75      80
76      0
77      0
78      0
79      0
80      60
81      97
82      100
83      100
84      0
85      0
86      93
87      100
88      97
89      60
90      80
91      0
92      0
93      100
94      82
95      100
96      77
97      76
98      0
99      0
100      100
101      72
102      69
103      67
104      0
105      0
106      100
107      100
108      100
109      89
110      0
111      69
112      56
113      0
114      62
115      97
116      0
117      0
118      0
119      93
120      76
121      97
122      100
123      65
124      97
125      0
126      100
127      100
128      97
129      0
130      100
131      98
132      85
133      100
134      43
135      58
136      0
137      0
138      0
139      0
140      100
141      100
142      89
143      93
144      62
145      60
146      82
147      0
148      49
149      58
150      77
151      0
152      100
153      0
154      97
155      100
156      67
157      100
158      0
159      0
160      100
161      97
162      0
163      0
164      58
165      0
166      97
167      0
168      0
169      0
170      0
171      0
172      0
173      76
174      89
175      0
176      0
177      48
178      0
179      85
180      100
181      76
182      97
183      65
184      100
185      100
186      87
187      0
188      89
189      97
190      97
191      100
192      77
193      100
194      100
195      100
196      0
197      34
198      57
199      100
TotalProfit   7490.89
