0      84
1      0
2      100
3      0
4      91
5      0
6      100
7      83
8      0
9      0
10      100
11      0
12      77
13      0
14      100
15      0
16      0
17      39
18      93
19      52
20      63
21      97
22      0
23      0
24      100
25      100
26      0
27      83
28      96
29      0
30      3
31      96
32      47
33      51
34      78
35      77
36      0
37      100
38      0
39      70
40      64
41      77
42      0
43      0
44      0
45      87
46      100
47      70
48      78
49      100
50      78
51      58
52      0
53      100
54      89
55      100
56      0
57      100
58      65
59      0
60      0
61      58
62      96
63      65
64      0
65      88
66      0
67      96
68      96
69      100
70      100
71      0
72      0
73      100
74      100
75      53
76      96
77      78
78      78
79      0
80      100
81      0
82      100
83      88
84      100
85      51
86      77
87      100
88      78
89      77
90      100
91      100
92      83
93      100
94      0
95      96
96      83
97      94
98      0
99      70
100      72
101      0
102      88
103      51
104      96
105      0
106      100
107      78
108      100
109      100
110      100
111      82
112      100
113      65
114      100
115      100
116      0
117      67
118      100
119      77
120      0
121      100
122      77
123      0
124      59
125      94
126      0
127      72
128      82
129      71
130      100
131      0
132      82
133      10
134      93
135      0
136      100
137      2
138      100
139      64
140      0
141      10
142      25
143      47
144      0
145      61
146      47
147      0
148      100
149      47
150      59
151      77
152      0
153      58
154      47
155      94
156      77
157      0
158      100
159      82
160      0
161      0
162      100
163      77
164      100
165      58
166      0
167      70
168      0
169      90
170      0
171      100
172      83
173      100
174      0
175      100
176      51
177      0
178      0
179      0
180      0
181      58
182      88
183      100
184      51
185      100
186      70
187      65
188      92
189      72
190      59
191      100
192      0
193      81
194      100
195      100
196      70
197      0
198      50
199      0
TotalProfit   6944.41
