0      0
1      1
2      64
3      94
4      100
5      100
6      0
7      58
8      100
9      100
10      100
11      54
12      94
13      0
14      94
15      0
16      0
17      51
18      100
19      0
20      96
21      57
22      0
23      73
24      0
25      78
26      89
27      100
28      94
29      78
30      55
31      0
32      78
33      0
34      84
35      0
36      44
37      68
38      54
39      96
40      0
41      100
42      0
43      0
44      71
45      76
46      54
47      78
48      0
49      78
50      0
51      1
52      0
53      100
54      54
55      0
56      58
57      94
58      100
59      97
60      0
61      75
62      0
63      0
64      75
65      58
66      61
67      0
68      25
69      0
70      100
71      0
72      0
73      89
74      0
75      0
76      100
77      94
78      100
79      0
80      61
81      100
82      97
83      100
84      0
85      100
86      68
87      0
88      68
89      78
90      73
91      100
92      85
93      0
94      54
95      0
96      0
97      92
98      0
99      78
100      78
101      78
102      0
103      100
104      85
105      100
106      0
107      0
108      0
109      100
110      75
111      94
112      68
113      100
114      99
115      0
116      100
117      58
118      100
119      0
120      96
121      82
122      100
123      0
124      79
125      75
126      54
127      76
128      63
129      80
130      100
131      96
132      94
133      68
134      78
135      85
136      100
137      100
138      86
139      100
140      0
141      72
142      100
143      78
144      0
145      86
146      89
147      100
148      39
149      100
150      0
151      58
152      0
153      89
154      92
155      86
156      63
157      0
158      73
159      100
160      100
161      0
162      0
163      100
164      100
165      54
166      0
167      92
168      78
169      78
170      64
171      75
172      100
173      100
174      79
175      100
176      0
177      100
178      57
179      0
180      90
181      0
182      86
183      79
184      78
185      44
186      0
187      100
188      100
189      73
190      75
191      68
192      64
193      100
194      73
195      100
196      96
197      0
198      0
199      89
TotalProfit   7484.15
