0      62
1      0
2      82
3      59
4      100
5      100
6      96
7      100
8      100
9      0
10      0
11      0
12      95
13      0
14      100
15      86
16      0
17      0
18      100
19      0
20      100
21      72
22      93
23      100
24      67
25      100
26      0
27      79
28      0
29      0
30      100
31      74
32      100
33      62
34      0
35      0
36      59
37      79
38      0
39      100
40      100
41      0
42      0
43      100
44      0
45      0
46      0
47      58
48      72
49      100
50      100
51      58
52      67
53      0
54      100
55      0
56      72
57      89
58      0
59      0
60      75
61      0
62      0
63      67
64      96
65      0
66      0
67      0
68      100
69      22
70      0
71      65
72      67
73      58
74      73
75      82
76      52
77      100
78      100
79      100
80      0
81      0
82      0
83      99
84      0
85      0
86      0
87      100
88      100
89      100
90      96
91      87
92      95
93      79
94      56
95      74
96      59
97      58
98      20
99      0
100      0
101      100
102      67
103      66
104      86
105      0
106      0
107      96
108      96
109      80
110      0
111      79
112      0
113      0
114      0
115      0
116      100
117      99
118      65
119      59
120      80
121      0
122      0
123      100
124      0
125      74
126      0
127      0
128      0
129      100
130      0
131      100
132      100
133      96
134      100
135      67
136      0
137      99
138      89
139      67
140      59
141      100
142      100
143      79
144      100
145      86
146      99
147      88
148      0
149      95
150      0
151      59
152      0
153      100
154      100
155      100
156      0
157      88
158      0
159      84
160      69
161      73
162      100
163      0
164      0
165      73
166      59
167      73
168      0
169      66
170      67
171      49
172      100
173      100
174      100
175      100
176      91
177      86
178      0
179      86
180      67
181      99
182      0
183      72
184      100
185      0
186      0
187      86
188      100
189      0
190      84
191      0
192      73
193      67
194      0
195      99
196      100
197      100
198      89
199      0
TotalProfit   6476.87
