0      0
1      100
2      65
3      100
4      100
5      0
6      0
7      0
8      74
9      0
10      88
11      54
12      86
13      0
14      99
15      92
16      0
17      83
18      100
19      82
20      0
21      0
22      86
23      100
24      0
25      0
26      0
27      76
28      0
29      98
30      81
31      66
32      0
33      0
34      98
35      0
36      100
37      0
38      71
39      0
40      63
41      0
42      100
43      0
44      0
45      0
46      90
47      100
48      76
49      0
50      0
51      100
52      90
53      98
54      100
55      100
56      100
57      63
58      69
59      45
60      63
61      99
62      81
63      64
64      0
65      100
66      78
67      100
68      81
69      3
70      76
71      100
72      100
73      72
74      100
75      98
76      100
77      69
78      52
79      0
80      95
81      100
82      81
83      76
84      0
85      95
86      100
87      83
88      100
89      86
90      0
91      100
92      0
93      84
94      88
95      69
96      83
97      83
98      86
99      0
100      0
101      0
102      66
103      0
104      100
105      81
106      0
107      0
108      69
109      66
110      100
111      94
112      0
113      90
114      100
115      100
116      68
117      0
118      86
119      81
120      100
121      63
122      65
123      92
124      81
125      98
126      63
127      87
128      94
129      88
130      100
131      0
132      86
133      82
134      0
135      99
136      100
137      69
138      97
139      100
140      98
141      100
142      58
143      60
144      0
145      0
146      1
147      66
148      87
149      0
150      0
151      60
152      0
153      95
154      98
155      53
156      100
157      100
158      100
159      66
160      100
161      86
162      0
163      100
164      63
165      100
166      0
167      76
168      0
169      0
170      0
171      0
172      62
173      0
174      0
175      0
176      93
177      98
178      55
179      100
180      0
181      82
182      83
183      100
184      66
185      52
186      88
187      86
188      100
189      98
190      0
191      0
192      66
193      100
194      98
195      0
196      100
197      0
198      0
199      0
TotalProfit   7044.69
