0      100
1      0
2      0
3      0
4      100
5      68
6      58
7      68
8      100
9      100
10      54
11      92
12      70
13      70
14      0
15      100
16      0
17      58
18      100
19      100
20      100
21      100
22      70
23      0
24      0
25      100
26      90
27      100
28      0
29      100
30      0
31      100
32      100
33      0
34      100
35      0
36      100
37      100
38      95
39      55
40      87
41      95
42      81
43      0
44      64
45      0
46      70
47      70
48      87
49      0
50      0
51      0
52      0
53      0
54      78
55      48
56      0
57      100
58      100
59      0
60      0
61      76
62      0
63      100
64      0
65      0
66      100
67      48
68      100
69      100
70      73
71      62
72      0
73      0
74      100
75      98
76      0
77      70
78      0
79      76
80      0
81      87
82      48
83      0
84      100
85      96
86      100
87      100
88      84
89      78
90      72
91      0
92      76
93      96
94      0
95      0
96      68
97      100
98      100
99      68
100      0
101      95
102      0
103      100
104      98
105      0
106      100
107      48
108      63
109      98
110      0
111      50
112      100
113      0
114      100
115      100
116      70
117      0
118      100
119      89
120      87
121      50
122      92
123      0
124      0
125      76
126      100
127      0
128      64
129      0
130      99
131      0
132      58
133      100
134      100
135      99
136      0
137      82
138      100
139      99
140      100
141      100
142      3
143      87
144      100
145      100
146      58
147      0
148      100
149      68
150      58
151      0
152      0
153      58
154      0
155      0
156      81
157      100
158      52
159      54
160      0
161      0
162      0
163      0
164      0
165      0
166      0
167      54
168      54
169      92
170      92
171      76
172      100
173      76
174      76
175      0
176      98
177      100
178      81
179      100
180      100
181      0
182      100
183      100
184      0
185      100
186      76
187      54
188      100
189      99
190      100
191      0
192      100
193      0
194      59
195      100
196      100
197      100
198      82
199      58
TotalProfit   7386.93
