0      0
1      81
2      91
3      0
4      0
5      88
6      0
7      0
8      100
9      0
10      0
11      69
12      0
13      0
14      0
15      0
16      57
17      0
18      60
19      100
20      73
21      50
22      0
23      57
24      100
25      95
26      0
27      10
28      81
29      90
30      95
31      0
32      100
33      70
34      100
35      76
36      70
37      100
38      99
39      0
40      0
41      81
42      55
43      0
44      98
45      61
46      100
47      99
48      100
49      0
50      59
51      100
52      100
53      82
54      96
55      100
56      74
57      100
58      95
59      72
60      71
61      100
62      100
63      76
64      75
65      0
66      100
67      100
68      0
69      100
70      60
71      100
72      100
73      0
74      0
75      100
76      0
77      85
78      99
79      0
80      54
81      0
82      100
83      64
84      62
85      61
86      0
87      33
88      0
89      85
90      100
91      99
92      0
93      61
94      61
95      0
96      100
97      99
98      98
99      100
100      60
101      74
102      62
103      62
104      0
105      0
106      0
107      0
108      85
109      0
110      78
111      99
112      81
113      50
114      99
115      0
116      0
117      72
118      100
119      0
120      100
121      100
122      100
123      98
124      100
125      3
126      72
127      0
128      70
129      73
130      68
131      0
132      100
133      70
134      99
135      0
136      69
137      98
138      80
139      70
140      0
141      46
142      99
143      0
144      0
145      70
146      0
147      93
148      60
149      100
150      100
151      0
152      99
153      62
154      95
155      100
156      0
157      0
158      99
159      0
160      99
161      70
162      0
163      100
164      79
165      78
166      0
167      61
168      72
169      61
170      100
171      78
172      0
173      85
174      62
175      93
176      99
177      60
178      0
179      70
180      0
181      99
182      0
183      72
184      0
185      0
186      99
187      72
188      0
189      54
190      100
191      91
192      0
193      95
194      99
195      100
196      0
197      90
198      79
199      95
TotalProfit   6794.08
