0      99
1      0
2      55
3      98
4      100
5      100
6      71
7      0
8      80
9      0
10      86
11      70
12      75
13      0
14      97
15      88
16      97
17      0
18      88
19      0
20      86
21      100
22      0
23      79
24      0
25      100
26      100
27      88
28      100
29      92
30      100
31      56
32      0
33      0
34      79
35      79
36      0
37      0
38      49
39      98
40      0
41      100
42      99
43      75
44      0
45      66
46      0
47      97
48      51
49      66
50      57
51      0
52      100
53      98
54      70
55      100
56      80
57      92
58      0
59      66
60      0
61      0
62      49
63      92
64      92
65      0
66      56
67      75
68      100
69      56
70      6
71      94
72      84
73      84
74      0
75      70
76      0
77      100
78      94
79      1
80      84
81      64
82      0
83      79
84      0
85      6
86      0
87      95
88      84
89      98
90      100
91      0
92      98
93      100
94      100
95      100
96      0
97      79
98      66
99      64
100      0
101      70
102      68
103      100
104      3
105      95
106      49
107      49
108      64
109      79
110      0
111      84
112      0
113      99
114      0
115      56
116      94
117      0
118      0
119      100
120      66
121      0
122      97
123      100
124      94
125      0
126      90
127      0
128      11
129      0
130      88
131      0
132      95
133      100
134      0
135      0
136      0
137      100
138      99
139      79
140      75
141      84
142      75
143      83
144      100
145      87
146      100
147      100
148      94
149      100
150      0
151      71
152      94
153      98
154      0
155      100
156      0
157      100
158      99
159      64
160      97
161      56
162      0
163      69
164      100
165      100
166      100
167      0
168      99
169      79
170      99
171      97
172      0
173      83
174      0
175      100
176      0
177      92
178      0
179      91
180      0
181      83
182      0
183      0
184      95
185      100
186      49
187      0
188      0
189      64
190      0
191      0
192      100
193      0
194      53
195      0
196      100
197      83
198      100
199      0
TotalProfit   6742.11
