0      89.3756
1      0.0466809
2      56.7126
3      92.1856
4      99.9405
5      98.7897
6      78.3006
7      0.0466809
8      89.3756
9      71.6138
10      85.8822
11      71.7088
12      76.9447
13      0
14      84.7519
15      87.2726
16      94.2108
17      0
18      87.2726
19      0
20      86.9544
21      99.9886
22      0
23      76.9447
24      0
25      99.9886
26      99.9886
27      89.3756
28      0
29      87.2409
30      99.7245
31      59.4188
32      0
33      0
34      70.6799
35      79.4744
36      0
37      0
38      50.9324
39      97.7913
40      0
41      99.9405
42      97.7913
43      69.8187
44      0
45      66.8532
46      0
47      90.6379
48      52.7797
49      66.8532
50      0
51      0.737459
52      99.9405
53      96.2695
54      66.8532
55      99.9405
56      78.3006
57      93.0851
58      0
59      0
60      0
61      0
62      52.7797
63      86.9544
64      93.0851
65      0
66      50.9324
67      75.8434
68      99.9886
69      45.6355
70      0
71      93.0851
72      86.9544
73      84.6463
74      0
75      69.8187
76      0
77      99.9405
78      94.2108
79      0
80      86.9544
81      66.1898
82      0.0702762
83      75.8434
84      0
85      11.0254
86      0
87      95.4673
88      86.9544
89      97.7617
90      99.9405
91      0
92      97.7617
93      99.9886
94      99.9886
95      99.9405
96      0
97      78.3006
98      66.1898
99      66.1898
100      0.0466809
101      71.6138
102      63.5939
103      99.9405
104      4.29979
105      94.2108
106      50.9324
107      45.6355
108      62.7999
109      77.4759
110      0
111      86.9544
112      0
113      98.1267
114      0
115      66.1898
116      90.6379
117      0
118      0
119      99.9405
120      62.1584
121      0
122      94.2108
123      99.1422
124      89.4855
125      0
126      90.6379
127      0
128      26.7815
129      0
130      86.9544
131      0
132      94.2108
133      98.7897
134      0
135      0
136      0
137      99.9405
138      98.7897
139      76.9447
140      69.8187
141      85.6631
142      71.6138
143      84.6463
144      99.9405
145      89.3756
146      99.9405
147      99.9405
148      94.2108
149      99.5625
150      0
151      69.8187
152      93.0851
153      97.7617
154      0
155      99.9405
156      0
157      98.7897
158      98.7897
159      0
160      94.6157
161      60.379
162      79.4744
163      69.8187
164      99.9886
165      99.7498
166      99.9886
167      0
168      98.7897
169      78.3006
170      97.7617
171      94.2108
172      0
173      84.6463
174      0
175      99.9405
176      0
177      93.0851
178      0
179      86.9544
180      0
181      79.4744
182      0
183      0
184      94.2108
185      99.9886
186      50.2312
187      0
188      0.0466809
189      60.379
190      98.9589
191      0
192      99.7245
193      0
194      48.4737
195      0
196      98.7897
197      84.6463
198      98.9589
199      0
TotalProfit   6722.05
