0      94.4976
1      0
2      0
3      0
4      99.6996
5      73.7329
6      59.2208
7      68.6894
8      99.6996
9      99.6996
10      56.3255
11      90.0751
12      73.7329
13      69.2659
14      0
15      99.965
16      0
17      60.2689
18      91.475
19      99.965
20      99.965
21      98.3952
22      69.2659
23      0
24      0
25      99.6996
26      87.786
27      99.965
28      0
29      99.6996
30      0
31      97.9498
32      99.965
33      0
34      99.7258
35      0
36      99.6996
37      98.3952
38      97.2124
39      59.2208
40      80.4666
41      91.6654
42      77.6859
43      0
44      69.2659
45      0
46      70.935
47      70.2685
48      84.9773
49      0
50      0
51      0
52      0
53      0
54      79.1497
55      42.4259
56      0
57      99.6996
58      98.3952
59      0
60      0
61      69.2659
62      0
63      99.6996
64      0
65      0
66      98.3952
67      54.1461
68      98.8749
69      99.7258
70      69.2659
71      66.8763
72      0
73      0
74      99.6996
75      91.6654
76      0
77      69.2659
78      0
79      79.1497
80      0
81      80.4666
82      48.929
83      0
84      99.965
85      91.6654
86      99.6996
87      99.6996
88      80.4666
89      69.2659
90      80.1325
91      0
92      68.6894
93      98.3952
94      1.81022
95      98.3952
96      58.3126
97      99.6996
98      99.6996
99      68.6894
100      0
101      92.2787
102      0
103      99.6996
104      94.6763
105      0
106      99.6996
107      50.5454
108      37.1598
109      97.2124
110      0
111      49.04
112      99.6996
113      0
114      99.6996
115      99.7294
116      74.3153
117      0
118      98.3952
119      89.8786
120      84.9773
121      49.04
122      87.786
123      0
124      0
125      74.0884
126      99.6996
127      0
128      66.8763
129      0
130      94.6763
131      0
132      54.4074
133      99.6996
134      99.6996
135      96.7325
136      0
137      80.1325
138      98.8749
139      97.9498
140      99.965
141      99.6996
142      0
143      86.8732
144      99.6996
145      98.8749
146      57.8429
147      0
148      99.6996
149      60.2689
150      59.2208
151      0
152      0
153      59.2208
154      0
155      0
156      80.1325
157      98.3952
158      50.5454
159      50.5454
160      0
161      0
162      0
163      0
164      0
165      0
166      0
167      56.2746
168      58.9213
169      91.6654
170      86.8732
171      80.4666
172      99.6996
173      66.8763
174      73.7329
175      0
176      94.4976
177      99.6996
178      69.2659
179      41.7643
180      99.965
181      0
182      98.3952
183      99.965
184      4.79364
185      97.9498
186      69.2659
187      49.8929
188      99.6996
189      94.6763
190      99.6996
191      0
192      99.965
193      0
194      62.2447
195      99.6996
196      99.6996
197      99.965
198      83.4258
199      59.2208
TotalProfit   7406.39
