0      95.1571
1      55.5643
2      85.6688
3      0
4      0
5      0
6      0
7      99.584
8      0
9      80.1659
10      0
11      78.6246
12      54.7106
13      99.851
14      0
15      99.851
16      99.7562
17      65.693
18      78.6246
19      76.7225
20      59.7082
21      0
22      65.693
23      57.912
24      49.8117
25      86.0685
26      85.6688
27      99.851
28      95.0859
29      0
30      0
31      55.5643
32      99.8473
33      0
34      48.6204
35      0
36      0
37      96.016
38      0
39      57.912
40      0
41      96.016
42      92.6855
43      62.2224
44      76.5526
45      72.6076
46      95.0859
47      78.6246
48      96.016
49      72.6076
50      57.912
51      95.1571
52      99.2372
53      78.6246
54      0.0230432
55      0
56      99.8133
57      99.851
58      0
59      42.1817
60      0
61      78.6246
62      76.7225
63      99.851
64      99.851
65      0
66      48.6204
67      96.9652
68      61.2753
69      0
70      53.5878
71      99.2372
72      0
73      69.8083
74      76.5526
75      89.229
76      0
77      55.5643
78      99.8133
79      0
80      0
81      0
82      0
83      89.229
84      13.6262
85      69.8083
86      99.851
87      0
88      99.851
89      0.0230432
90      0
91      99.6938
92      95.3544
93      0.0230432
94      99.851
95      0
96      72.6076
97      0
98      65.693
99      99.6938
100      0
101      65.693
102      0
103      0
104      0
105      95.0859
106      0
107      0
108      0
109      99.0145
110      89.229
111      99.851
112      76.9414
113      0
114      48.6204
115      72.6076
116      85.1683
117      0
118      76.7225
119      0
120      65.5209
121      0
122      48.6204
123      96.016
124      97.6135
125      85.6688
126      81.4938
127      75.456
128      99.8133
129      89.4104
130      0
131      99.7562
132      62.9803
133      0
134      69.8083
135      99.851
136      99.584
137      65.5209
138      57.6736
139      0
140      0
141      84.4517
142      0
143      89.4104
144      65.5209
145      96.016
146      95.0859
147      99.8133
148      85.6688
149      84.1853
150      99.8133
151      0.0230432
152      55.7872
153      65.693
154      99.8133
155      89.5277
156      95.1571
157      65.7116
158      99.851
159      86.0685
160      99.7562
161      99.584
162      96.9652
163      61.2753
164      0
165      76.7225
166      87.4698
167      99.8133
168      0.0230432
169      0
170      96.9652
171      52.9486
172      99.584
173      61.2753
174      65.7116
175      95.0859
176      0
177      86.0685
178      99.7562
179      0
180      99.6938
181      91.2238
182      99.584
183      95.1571
184      70.9484
185      0.308503
186      84.4517
187      99.584
188      0.308503
189      0
190      99.7562
191      99.6938
192      0
193      0
194      76.5526
195      81.4938
196      99.851
197      0.364981
198      59.3635
199      99.851
TotalProfit   6429.34
