0      0
1      0
2      99.268
3      99.9919
4      99.3884
5      0.00213473
6      0.0462034
7      79.6216
8      74.3998
9      0
10      95.2989
11      0
12      74.3998
13      0
14      0
15      52.138
16      70.6092
17      0
18      99.268
19      99.9919
20      99.1631
21      99.9919
22      95.2989
23      0
24      58.2037
25      68.4911
26      0
27      99.1631
28      99.9919
29      0
30      99.9919
31      99.89
32      0
33      56.6595
34      53.7774
35      45.2452
36      99.268
37      92.7225
38      73.653
39      99.1631
40      0
41      99.9919
42      68.4911
43      70.5735
44      0.896608
45      99.9919
46      0
47      0
48      58.2037
49      58.2037
50      0
51      0
52      66.374
53      65.1421
54      91.0864
55      70.5735
56      0.722362
57      74.3998
58      0
59      0
60      99.1631
61      99.7013
62      99.9919
63      0
64      0
65      70.5735
66      0
67      99.1631
68      0
69      52.138
70      43.5019
71      0
72      45.2452
73      0.722362
74      95.6275
75      95.2989
76      99.89
77      0
78      99.9919
79      94.8215
80      64.9217
81      99.268
82      99.9919
83      96.4305
84      0.896608
85      99.102
86      82.6936
87      66.374
88      99.9919
89      99.9919
90      43.5019
91      96.2428
92      95.9333
93      99.1631
94      74.3998
95      59.2425
96      0
97      70.6092
98      0
99      96.9395
100      0
101      99.268
102      0
103      0.048464
104      91.5815
105      58.2037
106      0
107      60.4695
108      0
109      0.00213473
110      0
111      86.2042
112      99.9919
113      0.0462034
114      66.374
115      60.4695
116      95.2989
117      0
118      0
119      86.2042
120      78.1786
121      66.6755
122      65.1421
123      74.3998
124      0
125      0
126      78.1786
127      95.9333
128      99.7013
129      95.6275
130      96.2428
131      91.0864
132      0
133      68.4911
134      73.653
135      96.2428
136      99.1631
137      82.6936
138      91.0864
139      96.4305
140      96.4305
141      66.374
142      78.1786
143      8.12654
144      99.9919
145      99.9919
146      99.89
147      95.9333
148      73.653
149      82.6936
150      0
151      0
152      0
153      0.048464
154      68.4911
155      99.89
156      99.9919
157      99.9919
158      99.1631
159      86.2042
160      0
161      0
162      68.7809
163      60.7412
164      79.6216
165      99.268
166      0.00213473
167      56.6807
168      60.4695
169      95.6275
170      99.9919
171      0
172      82.6936
173      99.9919
174      0
175      96.9395
176      0
177      0
178      86.2042
179      0
180      95.6275
181      87.2655
182      0
183      0
184      0
185      95.6275
186      58.2037
187      82.6936
188      99.1631
189      98.9938
190      0
191      99.268
192      64.0487
193      99.9919
194      46.7221
195      68.7809
196      99.9919
197      0
198      96.9395
199      57.557
TotalProfit   6577.17
