0      0
1      0
2      65.4162
3      92.4469
4      99.1967
5      99.9276
6      0
7      61.929
8      99.9685
9      99.8267
10      99.9276
11      54.3873
12      93.7912
13      0.00696618
14      93.7912
15      0.00696618
16      0
17      49.0001
18      99.9433
19      0
20      90.0657
21      60.1464
22      0
23      71.1129
24      0
25      83.7703
26      91.4484
27      99.809
28      91.4484
29      64.5623
30      58.7037
31      0
32      77.5361
33      0
34      86.36
35      0
36      54.618
37      70.4623
38      59.5515
39      97.2507
40      0
41      99.9276
42      0
43      0
44      65.4162
45      82.5132
46      51.5498
47      77.5361
48      0.00696618
49      76.494
50      0.00696618
51      0.00492599
52      0
53      99.9433
54      60.1464
55      0
56      58.7037
57      90.0657
58      99.8893
59      99.0655
60      42.6325
61      71.1129
62      0
63      0
64      73.2127
65      58.7037
66      59.5515
67      0
68      99.0655
69      0.00492599
70      99.9433
71      0
72      0.00696618
73      91.153
74      0.00696618
75      0
76      99.9276
77      97.2507
78      99.5833
79      0.00696618
80      58.7037
81      99.0655
82      98.3321
83      99.809
84      0
85      99.0655
86      65.4162
87      0
88      60.1464
89      76.494
90      71.1129
91      99.9433
92      86.36
93      99.5833
94      50.1059
95      0.00696618
96      0
97      91.4484
98      0
99      78.6855
100      78.6855
101      77.5361
102      0.00492599
103      99.9433
104      86.36
105      0
106      0.00696618
107      0
108      0
109      99.9276
110      71.1129
111      93.7912
112      65.4162
113      0
114      98.3321
115      0
116      98.5131
117      60.1464
118      99.9276
119      0
120      97.2507
121      78.6855
122      99.809
123      0
124      85.5124
125      73.2127
126      54.3873
127      73.2127
128      64.5623
129      83.7703
130      99.9276
131      98.5131
132      98.3321
133      61.929
134      74.6753
135      86.3466
136      0
137      99.9276
138      87.5474
139      99.9276
140      0
141      67.9817
142      99.0655
143      78.6855
144      0
145      86.36
146      87.5474
147      99.9276
148      0
149      99.9433
150      0.00696618
151      61.929
152      0
153      89.3484
154      93.7912
155      87.5474
156      60.1464
157      0
158      82.5132
159      99.9276
160      99.9276
161      0
162      0.00696618
163      98.3321
164      99.9276
165      51.5498
166      0
167      91.5488
168      83.7703
169      77.5361
170      65.4162
171      71.2187
172      99.9433
173      99.0655
174      85.5124
175      99.1967
176      97.2507
177      99.0655
178      51.5498
179      0
180      87.5474
181      0
182      86.3651
183      82.7189
184      78.6855
185      49.0001
186      0
187      99.5833
188      99.0655
189      71.1129
190      83.7703
191      61.929
192      65.4162
193      99.0655
194      73.2127
195      98.5131
196      97.2507
197      9.97872
198      0
199      86.3651
TotalProfit   7442.02
