0      82.4467
1      0
2      99.9241
3      92.6257
4      99.9241
5      0
6      61.1844
7      0
8      0
9      92.024
10      0
11      99.9241
12      99.9241
13      98.5614
14      99.9241
15      93.0141
16      83.5459
17      82.4467
18      88.2739
19      93.0141
20      99.9241
21      99.9241
22      50.8015
23      98.5614
24      71.3375
25      69.7368
26      0
27      97.4276
28      96.9572
29      94.3493
30      0
31      0
32      0
33      0
34      94.3493
35      63.6625
36      60.8334
37      99.8313
38      97.4276
39      90.177
40      49.207
41      0
42      74.3533
43      69.2577
44      99.7945
45      0
46      89.1959
47      75.5159
48      99.9241
49      0
50      61.4041
51      0
52      96.8585
53      94.2166
54      96.9572
55      98.4278
56      0
57      80.1883
58      98.4278
59      99.9241
60      0
61      82.4467
62      87.1717
63      96.9572
64      99.9241
65      80.1883
66      80.7326
67      98.4278
68      0
69      0
70      77.5871
71      94.2166
72      98.5614
73      0
74      49.207
75      49.207
76      0
77      75.5159
78      98.5614
79      76.6885
80      0
81      61.1844
82      0
83      82.4467
84      0.109253
85      3.08998
86      57.7663
87      0
88      82.4467
89      69.7368
90      0
91      0
92      77.5871
93      99.6007
94      89.9681
95      98.5614
96      61.4041
97      99.6007
98      0
99      0
100      83.5459
101      0
102      70.2968
103      0
104      99.1296
105      99.6918
106      98.4278
107      89.1959
108      0
109      98.4278
110      97.8738
111      93.1972
112      0
113      93.1972
114      80.1883
115      0
116      99.7945
117      99.7945
118      0.714356
119      0
120      99.6007
121      0
122      0
123      0
124      94.3493
125      0
126      99.9241
127      0
128      92.7878
129      82.4467
130      92.024
131      0
132      96.9572
133      0
134      68.9608
135      61.1844
136      0.109253
137      53.9352
138      0
139      95.8918
140      98.5614
141      87.1717
142      99.8313
143      0
144      50.8015
145      0
146      3.08998
147      69.7368
148      0
149      74.3533
150      0
151      99.1296
152      80.1883
153      0
154      0
155      99.514
156      99.9241
157      75.5159
158      0
159      99.9241
160      69.2577
161      0
162      99.9241
163      0
164      93.0141
165      0
166      0
167      0
168      0
169      99.9241
170      0
171      69.7368
172      0
173      0
174      61.1844
175      89.1959
176      0
177      0
178      61.4041
179      96.8585
180      99.8313
181      69.7368
182      49.207
183      0
184      0
185      63.4393
186      65.6385
187      0
188      99.9241
189      69.7368
190      0
191      99.9241
192      61.1844
193      83.5459
194      99.514
195      61.1844
196      65.6385
197      0
198      69.7368
199      0
TotalProfit   7143.03
