0      63.3164
1      69.1847
2      99.9489
3      97.863
4      97.863
5      0
6      73.8313
7      63.3164
8      74.6604
9      99.9368
10      90.6509
11      74.6604
12      0
13      56.5865
14      74.6604
15      0
16      0
17      64.2632
18      98.6281
19      69.1847
20      0
21      99.1484
22      60.2491
23      73.6617
24      86.0002
25      97.863
26      99.9489
27      0
28      0
29      93.9889
30      0
31      0
32      0
33      58.7554
34      0
35      77.8944
36      93.388
37      99.9368
38      0
39      0
40      78.4525
41      63.3164
42      99.9368
43      99.6002
44      78.0938
45      89.4697
46      0
47      99.8263
48      61.3576
49      99.9368
50      77.8944
51      99.5144
52      86.0002
53      69.1847
54      0
55      93.9889
56      99.6917
57      56.5865
58      99.1484
59      89.6531
60      99.9368
61      0
62      0
63      99.9368
64      74.6604
65      69.1847
66      97.863
67      61.3576
68      77.8944
69      0
70      74.6604
71      99.9368
72      0
73      82.4254
74      0
75      0
76      0
77      0
78      61.3576
79      58.7554
80      0
81      0
82      0
83      61.3576
84      82.9793
85      0
86      0
87      69.1847
88      99.9368
89      93.9889
90      98.6281
91      0
92      0
93      80.7548
94      0
95      0
96      90.6509
97      61.3576
98      99.6002
99      0
100      0
101      88.17
102      0.335282
103      97.863
104      99.1484
105      99.863
106      97.863
107      61.3576
108      93.9889
109      78.0938
110      0
111      99.9368
112      94.5253
113      88.17
114      98.1665
115      0
116      98.9303
117      0
118      82.4254
119      82.9793
120      82.4254
121      85.3061
122      0
123      99.5144
124      88.17
125      99.9368
126      98.9303
127      93.9889
128      74.6604
129      0
130      99.5144
131      61.3576
132      64.2632
133      0
134      74.6604
135      0
136      0
137      99.6002
138      99.1484
139      0
140      74.6604
141      61.4211
142      99.5144
143      0
144      98.9303
145      97.863
146      74.6604
147      73.4241
148      0
149      4.74207
150      74.6604
151      49.7537
152      75.2557
153      99.9368
154      99.6002
155      99.1484
156      0
157      99.863
158      93.9889
159      86.0002
160      0
161      0
162      82.4254
163      0
164      0
165      0
166      94.4199
167      0
168      0
169      0
170      94.4199
171      0
172      0
173      0
174      0
175      74.6604
176      93.9889
177      99.9489
178      55.1129
179      99.6002
180      0
181      0
182      99.6917
183      74.6604
184      56.8185
185      99.9368
186      58.8964
187      65.4806
188      0
189      88.17
190      74.6011
191      80.7548
192      99.9368
193      99.9489
194      97.863
195      0
196      0.2544
197      94.5253
198      0
199      0
TotalProfit   7109.17
