0      0
1      76.0336
2      59.5233
3      99.9297
4      99.997
5      80.4398
6      99.9297
7      99.5362
8      0.0057284
9      82.3983
10      98.9949
11      75.8381
12      0
13      99.9297
14      48.9197
15      0
16      90.69
17      95.1201
18      48.9197
19      63.2409
20      0
21      78.6454
22      95.1201
23      87.6472
24      0
25      95.1201
26      0
27      63.7993
28      99.9297
29      95.1201
30      0
31      95.1201
32      13.9747
33      0
34      90.1038
35      76.1579
36      95.8609
37      99.2283
38      96.3977
39      95.8609
40      70.2949
41      0
42      0.0057284
43      84.6649
44      0
45      0
46      0
47      0
48      0
49      98.1023
50      80.4398
51      0
52      98.3048
53      98.9949
54      0
55      63.5908
56      0
57      0
58      71.4997
59      96.0155
60      0
61      0
62      85.9735
63      0
64      80.4398
65      82.3983
66      99.997
67      85.6892
68      98.3048
69      98.9949
70      84.929
71      88.8355
72      99.997
73      0
74      99.9297
75      89.8211
76      92.2739
77      0
78      93.3452
79      78.6454
80      95.1201
81      0
82      0
83      89.8211
84      63.5908
85      95.1201
86      71.7179
87      99.9297
88      99.7342
89      64.2417
90      0
91      0
92      93.7363
93      95.1201
94      88.8355
95      95.1201
96      99.2283
97      0
98      0
99      0
100      0
101      99.9297
102      71.7179
103      0
104      23.6027
105      95.1201
106      0
107      0
108      82.3983
109      0
110      84.929
111      0
112      69.0113
113      95.1201
114      82.3983
115      63.5908
116      99.9297
117      0
118      0.054649
119      0.0057284
120      99.9297
121      0
122      95.8609
123      68.347
124      63.5908
125      78.6454
126      76.1579
127      99.9297
128      0
129      68.2278
130      76.2413
131      0
132      71.7179
133      82.3983
134      0
135      99.2283
136      59.5233
137      71.7179
138      0.0057284
139      77.6282
140      0
141      0
142      57.4046
143      99.2283
144      69.4875
145      90.69
146      0
147      0
148      99.9297
149      99.9297
150      0.0057284
151      90.69
152      0
153      99.9297
154      71.7179
155      98.3048
156      0
157      89.8211
158      59.5233
159      99.997
160      68.347
161      0
162      0
163      71.7179
164      0
165      98.9949
166      82.3983
167      0
168      99.9297
169      95.1201
170      99.2283
171      98.3048
172      0
173      56.6523
174      71.7179
175      0
176      0
177      99.997
178      0
179      0.0057284
180      82.0028
181      0
182      70.4704
183      99.9297
184      0
185      0
186      0
187      99.9297
188      71.7179
189      82.3983
190      71.7179
191      98.9949
192      63.9497
193      71.7179
194      0
195      0
196      0
197      99.7342
198      0
199      72.8273
TotalProfit   6589.55
