0      85.106
1      0
2      99.9518
3      0
4      92.4102
5      0
6      99.9518
7      83.1719
8      0
9      8.97652
10      99.9518
11      0
12      73.9943
13      0
14      99.9518
15      0
16      0
17      42.9504
18      95.7313
19      54.4231
20      61.6877
21      95.8274
22      0
23      0
24      99.3721
25      99.3721
26      0
27      86.6254
28      92.246
29      0
30      3.47362
31      90.0131
32      50.7896
33      47.5397
34      78.5365
35      73.4534
36      0
37      99.9518
38      0
39      76.9827
40      66.6836
41      77.7111
42      0
43      4.8188
44      0
45      87.0721
46      99.3721
47      71.5356
48      77.7111
49      98.0784
50      74.7201
51      68.5936
52      0
53      99.3721
54      94.9231
55      99.8082
56      0
57      97.6691
58      68.5936
59      0
60      0
61      60.8521
62      91.5754
63      68.5936
64      0
65      92.4102
66      0
67      94.9471
68      91.6695
69      99.6735
70      99.9518
71      0
72      0
73      95.8274
74      99.9518
75      60.1128
76      94.5392
77      81.7926
78      81.7926
79      67.1912
80      99.9518
81      0
82      99.3721
83      87.5646
84      99.3721
85      50.7896
86      81.4987
87      0
88      78.0416
89      77.7111
90      99.6735
91      99.6735
92      81.7926
93      99.3721
94      0
95      95.8274
96      85.1563
97      91.325
98      0
99      74.7201
100      72.707
101      0
102      87.5288
103      57.9297
104      95.8274
105      0
106      97.825
107      78.0416
108      99.9518
109      98.0784
110      99.9518
111      81.7926
112      99.9518
113      66.6836
114      99.9518
115      94.5392
116      0
117      71.1628
118      99.9518
119      78.0416
120      0
121      99.9518
122      78.0416
123      0
124      60.0862
125      94.5392
126      0
127      74.6214
128      82.6667
129      73.9943
130      47.5397
131      0
132      85.106
133      0
134      94.9231
135      0
136      99.9518
137      0.197705
138      0
139      67.2272
140      0
141      19.4686
142      0
143      48.2783
144      0
145      60.8521
146      50.7896
147      0
148      99.6735
149      50.01
150      66.6836
151      81.7926
152      0
153      57.9297
154      57.9297
155      94.5392
156      80.3645
157      0
158      99.6735
159      81.7926
160      0
161      0
162      99.9518
163      77.7111
164      98.0784
165      66.6836
166      0
167      70.5204
168      0
169      92.4102
170      0
171      99.3721
172      87.5288
173      99.6735
174      0
175      96.908
176      57.9297
177      0
178      0
179      0
180      0
181      57.8656
182      91.954
183      99.6735
184      57.9297
185      99.9518
186      71.1628
187      67.5763
188      87.5646
189      78.0416
190      60.8521
191      99.3721
192      0
193      81.7926
194      99.9518
195      99.3721
196      76.8675
197      0
198      54.1611
199      0
TotalProfit   6951.6
