0      0
1      0
2      97.7309
3      73.761
4      99.9559
5      54.4922
6      54.8259
7      44.5839
8      99.9559
9      98.8237
10      60.7852
11      99.9862
12      97.9073
13      88.1354
14      70.373
15      99.9862
16      97.1157
17      66.2753
18      70.373
19      99.9559
20      93.6723
21      0
22      49.4325
23      86.6573
24      99.9625
25      86.4271
26      0.00342898
27      99.9862
28      70.373
29      53.3683
30      99.9559
31      79.8259
32      0
33      61.0328
34      0.00342898
35      0
36      0
37      0
38      0
39      68.734
40      0
41      65.3899
42      0.00342898
43      0
44      0
45      99.9559
46      65.3899
47      0
48      54.128
49      0
50      0
51      0
52      0.00342898
53      80.5422
54      54.9994
55      0
56      88.1965
57      54.4922
58      99.7471
59      99.9862
60      70.373
61      0
62      77.0149
63      99.7471
64      0
65      0
66      97.7309
67      0
68      97.7389
69      0
70      0
71      0
72      98.4074
73      0
74      79.8259
75      0
76      99.9559
77      89.4326
78      71.9753
79      0
80      60.7852
81      79.8259
82      53.3683
83      99.7471
84      77.8808
85      99.9559
86      0.00342898
87      0
88      91.2936
89      80.9554
90      0.00342898
91      0
92      0
93      0
94      96.7129
95      70.373
96      70.373
97      89.4326
98      0
99      68.734
100      60.7852
101      0
102      0
103      0
104      79.8259
105      99.8261
106      0
107      99.9559
108      88.1965
109      80.5422
110      90.5045
111      80.9554
112      99.9862
113      98.8237
114      0
115      0
116      86.6355
117      0
118      71.9753
119      0
120      0
121      96.3989
122      97.1285
123      99.6495
124      0
125      0.00342898
126      99.9625
127      0
128      63.8586
129      99.9559
130      93.6723
131      0
132      97.7309
133      54.5798
134      99.9862
135      98.8237
136      0.00342898
137      99.9862
138      71.9753
139      0
140      0
141      99.9625
142      99.9559
143      93.6723
144      88.1354
145      93.6723
146      0
147      88.1354
148      99.9559
149      0
150      73.761
151      77.0149
152      77.5741
153      0
154      0
155      0
156      97.7389
157      0
158      50.1147
159      73.761
160      0
161      99.7471
162      93.6723
163      60.4006
164      0
165      77.0149
166      0
167      0
168      73.761
169      0
170      96.0565
171      79.8259
172      0.00342898
173      99.9625
174      0
175      0
176      96.3389
177      56.9411
178      0
179      60.7852
180      99.9559
181      93.6675
182      0
183      99.9559
184      97.7309
185      88.1354
186      97.7389
187      79.8259
188      50.1147
189      93.6723
190      53.3683
191      88.1354
192      97.7389
193      99.8261
194      96.0329
195      0
196      96.0329
197      97.7309
198      99.9559
199      98.8237
TotalProfit   6313.42
