0      0
1      99.5324
2      69.4875
3      99.6407
4      99.6407
5      0
6      0
7      0.0446155
8      72.8391
9      0
10      90.69
11      63.9938
12      91.7223
13      0
14      97.8713
15      96.2736
16      0.0446155
17      77.0287
18      99.6407
19      77.0287
20      0
21      0
22      82.3243
23      99.6407
24      0
25      0
26      0
27      77.0287
28      0
29      97.8713
30      0
31      68.271
32      0
33      0
34      97.8713
35      0
36      99.5324
37      0
38      66.7111
39      0
40      61.6761
41      0
42      98.5014
43      0.050329
44      0
45      0
46      90.69
47      98.5014
48      87.2736
49      0
50      0.0446155
51      99.6407
52      90.69
53      97.8713
54      99.5324
55      99.5324
56      99.6407
57      59.5233
58      70.5761
59      48.9664
60      65.3111
61      98.5014
62      79.115
63      63.8399
64      0
65      99.5324
66      77.0287
67      99.7831
68      75.3739
69      0
70      73.5945
71      99.6407
72      99.8491
73      75.4762
74      99.7831
75      96.2736
76      99.733
77      75.5052
78      52.5908
79      0.0446155
80      96.2736
81      99.6407
82      78.7068
83      75.3739
84      0
85      90.9683
86      99.5324
87      82.3243
88      99.6407
89      82.3243
90      0
91      99.7831
92      0
93      83.825
94      87.2897
95      70.5761
96      82.3243
97      87.1175
98      87.0675
99      0.179393
100      0
101      0
102      65.3111
103      0
104      99.5324
105      80.4398
106      0
107      0
108      73.5945
109      69.4875
110      99.733
111      92.5313
112      0
113      90.9683
114      99.5324
115      99.6407
116      67.7227
117      0
118      90.69
119      78.636
120      99.733
121      63.3888
122      63.9938
123      90.69
124      82.3243
125      94.5886
126      61.6761
127      87.2897
128      94.5886
129      83.825
130      99.5324
131      0
132      87.2736
133      82.3243
134      0
135      97.8713
136      99.997
137      73.5945
138      94.5886
139      99.2379
140      94.5886
141      99.733
142      57.4295
143      55.3966
144      0
145      0
146      0
147      63.9938
148      87.2897
149      0
150      0
151      59.5233
152      0
153      94.5886
154      94.5886
155      53.978
156      0
157      99.5324
158      99.7831
159      63.9938
160      99.2379
161      90.69
162      0
163      99.5324
164      63.9938
165      99.8491
166      0
167      77.0287
168      0
169      0
170      0
171      0
172      59.5233
173      0
174      55.3966
175      0
176      90.69
177      94.5886
178      59.5233
179      99.5324
180      0
181      82.3243
182      82.3243
183      98.5014
184      69.7203
185      49.001
186      87.2897
187      87.2736
188      98.5014
189      96.2736
190      0
191      0
192      65.3111
193      99.5324
194      97.8713
195      0
196      99.6407
197      0
198      0
199      0
TotalProfit   7021.29
