0      47.392
1      0
2      85.522
3      55.6613
4      99.1152
5      99.4442
6      95.0609
7      99.8715
8      99.8715
9      0
10      0
11      0
12      93.5591
13      0
14      99.6797
15      93.4333
16      0
17      0.0165337
18      98.134
19      0.0165337
20      99.9396
21      68.0749
22      95.5661
23      98.1303
24      70.7017
25      99.8715
26      0
27      73.9651
28      0.0165337
29      0.0165337
30      98.1303
31      89.2809
32      99.8715
33      64.8561
34      0
35      0.0165337
36      64.8561
37      85.522
38      0
39      99.8715
40      99.8715
41      0
42      0
43      99.8715
44      0
45      0.0165337
46      0
47      47.392
48      70.3914
49      99.9396
50      99.8715
51      57.3153
52      73.174
53      0
54      99.9396
55      0
56      80.0011
57      90.0525
58      0
59      0
60      80.2812
61      0
62      0
63      68.0749
64      95.5661
65      0.000768164
66      0.0165337
67      0
68      99.4442
69      0.0165337
70      0.0165337
71      57.3153
72      68.0749
73      57.3153
74      73.174
75      81.9866
76      47.392
77      99.8715
78      99.8715
79      99.8715
80      0
81      0
82      0
83      95.5661
84      0
85      0
86      0
87      99.8731
88      99.8715
89      99.6797
90      95.0609
91      89.9703
92      93.5591
93      80.0011
94      42.2725
95      80.0011
96      59.2218
97      52.7049
98      0.0165337
99      0
100      0
101      0.0165337
102      69.7578
103      57.4562
104      85.522
105      0.000768164
106      0
107      95.0609
108      95.4286
109      89.2809
110      8.51988
111      73.9651
112      95.5661
113      0
114      0
115      0
116      99.9396
117      95.7098
118      46.9271
119      57.4562
120      80.0011
121      0
122      0
123      98.1303
124      0
125      80.0011
126      0
127      0
128      0.0165337
129      99.8715
130      0
131      99.8715
132      99.8715
133      93.5591
134      99.9396
135      64.8561
136      83.3022
137      95.5661
138      89.9703
139      70.7017
140      57.7765
141      99.9396
142      98.134
143      79.8414
144      99.8731
145      83.3022
146      95.0609
147      89.4293
148      0
149      93.5591
150      0
151      57.7765
152      0
153      98.1303
154      99.9396
155      99.8731
156      0.000768164
157      89.4293
158      0
159      75.653
160      70.7017
161      70.7017
162      99.8731
163      0
164      0.0165337
165      75.653
166      57.4562
167      70.7017
168      0
169      57.4562
170      70.7017
171      0
172      0
173      98.134
174      98.134
175      95.7098
176      93.5591
177      93.4333
178      0
179      93.24
180      68.0749
181      97.632
182      0
183      70.3914
184      99.8731
185      0
186      0
187      83.3022
188      98.8926
189      0
190      89.9703
191      0
192      73.174
193      68.2373
194      0.0165337
195      93.5591
196      98.134
197      98.1303
198      93.5591
199      0
TotalProfit   6401.58
