0      55.3284
1      72.5873
2      80.3631
3      99.842
4      99.5752
5      96.3678
6      80.3631
7      99.842
8      0.00131091
9      77.353
10      0.00131091
11      0
12      65.2334
13      77.353
14      0
15      96.6568
16      79.0646
17      55.9597
18      90.9967
19      0
20      99.5752
21      60.0147
22      77.353
23      97.4732
24      96.5258
25      79.0646
26      72.6063
27      99.842
28      69.6603
29      62.7331
30      77.353
31      99.842
32      0
33      99.9586
34      67.4118
35      0.00131091
36      96.5258
37      0.00131091
38      96.3678
39      50.2478
40      0.00131091
41      99.9586
42      99.8707
43      99.4692
44      24.8437
45      84.684
46      43.0964
47      58.6724
48      83.9496
49      84.684
50      96.5258
51      0
52      0
53      72.6063
54      84.684
55      80.3631
56      0.00131091
57      84.684
58      61.2564
59      0.00131091
60      90.9967
61      0.00131091
62      0
63      0.00131091
64      50.2478
65      0.00131091
66      97.4732
67      84.684
68      99.842
69      79.0646
70      0
71      84.684
72      0
73      92.8266
74      99.8707
75      99.842
76      0.00131091
77      55.2848
78      96.3678
79      96.3678
80      85.1762
81      79.0646
82      79.0646
83      96.3678
84      99.4692
85      0
86      97.4732
87      79.0646
88      96.2807
89      0.00131091
90      96.5258
91      99.4692
92      0.00131091
93      54.794
94      0
95      80.9703
96      88.9186
97      74.6407
98      72.5873
99      96.3678
100      0
101      54.794
102      99.5752
103      99.842
104      0
105      0.00131091
106      0
107      82.2075
108      54.794
109      61.991
110      75.9615
111      62.7331
112      90.9967
113      55.9597
114      99.842
115      99.5752
116      99.842
117      0
118      88.7647
119      0
120      60.0147
121      0
122      55.9597
123      0.00131091
124      79.0646
125      84.684
126      0
127      96.5258
128      0
129      54.794
130      0
131      75.9615
132      77.353
133      47.5309
134      0.00131091
135      0
136      99.5175
137      99.4692
138      0.00131091
139      0
140      99.4692
141      90.9967
142      99.8707
143      54.794
144      83.9496
145      0
146      99.842
147      0.00131091
148      96.2172
149      99.8707
150      55.9597
151      61.3358
152      0
153      96.2172
154      57.3102
155      97.0903
156      0.00131091
157      97.4732
158      0
159      88.883
160      54.794
161      77.353
162      0.00131091
163      0
164      0
165      48.9822
166      0.00131091
167      99.5752
168      0
169      99.8707
170      74.6407
171      0
172      0
173      0
174      0
175      99.8707
176      0.00131091
177      0.00131091
178      99.5752
179      55.9597
180      77.353
181      99.842
182      77.353
183      0
184      99.9586
185      0
186      0
187      79.0646
188      0
189      0
190      79.0646
191      96.2172
192      88.9186
193      96.2172
194      50.2478
195      79.0646
196      92.8266
197      96.3678
198      92.8266
199      54.794
TotalProfit   7564.13
