0      99.901
1      98.6235
2      0
3      60.1721
4      99.9454
5      99.515
6      84.608
7      60.0285
8      77.8461
9      77.2765
10      84.608
11      0
12      0
13      95.7576
14      0
15      0
16      90.9142
17      0
18      84.608
19      56.3019
20      99.515
21      87.1685
22      0
23      99.901
24      0
25      98.6235
26      0
27      0
28      56.3019
29      60.602
30      98.6235
31      0
32      84.608
33      99.901
34      85.1713
35      0
36      99.9454
37      0
38      98.5844
39      95.7576
40      70.1923
41      73.1642
42      0
43      95.7576
44      75.11
45      84.608
46      0
47      88.2156
48      59.2126
49      96.5485
50      0
51      0
52      98.5844
53      0.0564605
54      86.4645
55      91.2259
56      84.608
57      68.7142
58      86.4541
59      0.0220354
60      99.515
61      0
62      0
63      0
64      98.6235
65      0.0175718
66      0
67      97.7085
68      99.515
69      91.2259
70      99.515
71      99.901
72      84.608
73      79.1618
74      97.7085
75      60.602
76      56.3019
77      96.5485
78      73.8343
79      84.608
80      77.8461
81      54.4468
82      0
83      84.608
84      99.515
85      86.4541
86      68.1245
87      68.1245
88      0
89      0
90      88.2156
91      0
92      99.901
93      84.608
94      0
95      69.4113
96      84.7805
97      0
98      78.4525
99      0
100      84.608
101      95.7576
102      68.1245
103      99.6292
104      0
105      0
106      99.515
107      95.3082
108      67.3246
109      88.9774
110      84.7805
111      0
112      96.5485
113      84.608
114      0
115      52.6558
116      0
117      0
118      0
119      60.6654
120      0
121      70.9261
122      0.0220354
123      51.0227
124      0
125      97.0054
126      69.4113
127      78.7199
128      77.8504
129      69.4727
130      98.5844
131      56.3019
132      98.5844
133      99.9305
134      65.6852
135      56.3019
136      0
137      0
138      68.1245
139      99.515
140      99.515
141      95.7576
142      98.6235
143      84.608
144      60.602
145      99.9454
146      0
147      77.8504
148      99.9454
149      98.6235
150      98.6235
151      98.5844
152      65.6852
153      78.7199
154      0
155      49.9456
156      99.9454
157      64.7585
158      0
159      84.608
160      88.9774
161      68.1245
162      99.901
163      0.0220354
164      88.9774
165      76.529
166      88.2156
167      0
168      99.515
169      0.0220354
170      98.6235
171      56.3019
172      76.529
173      99.515
174      99.515
175      0.0175718
176      65.1196
177      60.5947
178      0
179      0
180      0
181      60.602
182      0
183      0.411758
184      91.2259
185      0
186      98.6235
187      0
188      0
189      0
190      98.5844
191      0
192      99.6292
193      0
194      99.901
195      60.7634
196      96.5485
197      52.6558
198      0
199      71.5267
TotalProfit   7211.47
