0      83.242
1      99.9018
2      99.9018
3      90.4835
4      99.9018
5      99.4575
6      0
7      68.9201
8      0
9      83.242
10      95.0566
11      99.9183
12      0
13      99.9018
14      84.9557
15      0
16      99.9538
17      99.9538
18      99.9183
19      95.2705
20      0
21      74.8485
22      0
23      0
24      83.242
25      0
26      0
27      0
28      79.4907
29      0
30      57.7925
31      94.1666
32      90.6263
33      0
34      50.2536
35      91.2342
36      0
37      0
38      0
39      77.1809
40      99.9183
41      0
42      63.4097
43      98.3475
44      65.2217
45      85.9916
46      86.1819
47      52.6788
48      63.4097
49      99.7755
50      77.1809
51      97.3828
52      77.1809
53      99.2718
54      87.8322
55      99.7755
56      79.6456
57      0
58      0
59      99.7755
60      52.6788
61      68.9201
62      99.9183
63      0
64      0
65      0.282336
66      0
67      0
68      79.4907
69      89.2578
70      90.6263
71      0.0200893
72      52.6788
73      97.3828
74      0
75      99.9538
76      90.6263
77      99.9183
78      0
79      99.7755
80      95.7755
81      77.1809
82      52.6788
83      94.806
84      68.9201
85      74.9325
86      95.0566
87      99.9538
88      58.128
89      98.3475
90      99.9183
91      90.4835
92      99.9538
93      0
94      99.9538
95      99.29
96      99.29
97      99.4575
98      99.5483
99      0
100      99.9018
101      95.0566
102      0
103      71.5159
104      99.2718
105      0
106      99.9183
107      0
108      77.1809
109      0
110      63.2106
111      0
112      0
113      73.5853
114      69.4111
115      77.1809
116      91.2342
117      99.9183
118      0.136024
119      73.8416
120      0
121      0
122      0.136024
123      0
124      77.1809
125      69.4111
126      0
127      0
128      0
129      0
130      99.8576
131      99.4575
132      63.4097
133      86.1819
134      55.1701
135      71.673
136      68.9201
137      85.9916
138      72.2871
139      0
140      85.9847
141      0
142      63.4097
143      0
144      0.188396
145      0.0200893
146      0
147      99.29
148      99.7755
149      0
150      99.7755
151      0
152      99.8576
153      99.2718
154      0
155      99.7755
156      70.2713
157      50.8707
158      0
159      0
160      99.5483
161      90.6263
162      0
163      58.8152
164      83.242
165      0.0200893
166      0
167      99.7936
168      0
169      0
170      87.8322
171      0
172      0
173      90.6263
174      56.7104
175      87.8322
176      0
177      0
178      0.0200893
179      63.4097
180      98.3475
181      79.4907
182      99.5483
183      0.0200893
184      99.7755
185      74.6214
186      99.9183
187      0
188      90.6263
189      58.6366
190      99.9183
191      65.2217
192      77.1809
193      52.6788
194      0
195      0
196      99.7062
197      0
198      99.9538
199      0
TotalProfit   6230.49
