0      0.029722
1      48.9096
2      99.888
3      0
4      82.4254
5      0
6      92.4214
7      97.7129
8      94.6763
9      0
10      99.8064
11      99.8064
12      96.3648
13      73.3076
14      0
15      99.7731
16      0
17      0
18      99.4283
19      0
20      0
21      73.0924
22      75.7084
23      48.6652
24      87.2209
25      0
26      99.888
27      0
28      99.888
29      73.0924
30      99.4283
31      0
32      0
33      99.888
34      87.3959
35      44.8452
36      97.5705
37      67.0599
38      90.684
39      99.4283
40      81.0648
41      97.5705
42      96.3648
43      90.684
44      87.3959
45      0
46      99.4283
47      0
48      0
49      99.7731
50      96.3648
51      99.888
52      0
53      0
54      99.4283
55      99.888
56      75.7084
57      61.5358
58      44.8452
59      0
60      99.888
61      73.0924
62      99.888
63      97.5705
64      0
65      81.0648
66      0
67      1.25393
68      0
69      90.684
70      81.0648
71      94.2613
72      0
73      82.4254
74      0
75      82.4254
76      84.608
77      0
78      57.8686
79      0
80      0
81      0
82      94.6763
83      97.3545
84      82.4254
85      81.0648
86      97.7129
87      99.888
88      54.6992
89      84.608
90      81.0648
91      71.1395
92      0
93      80.087
94      99.888
95      54.6992
96      0
97      67.0599
98      75.7084
99      0
100      0
101      69.7941
102      75.7084
103      0
104      0
105      97.5705
106      65.5405
107      90.684
108      0
109      0
110      63.3514
111      99.888
112      80.087
113      66.6714
114      90.684
115      84.608
116      97.5705
117      65.5405
118      99.888
119      99.8064
120      56.6481
121      54.6992
122      0
123      0
124      66.6714
125      99.888
126      85.1315
127      0
128      63.2158
129      0
130      99.888
131      71.1395
132      41.1563
133      87.3959
134      69.7941
135      99.888
136      97.5705
137      0
138      99.4283
139      0
140      63.2158
141      69.7941
142      99.8064
143      0
144      99.7731
145      0
146      0
147      97.5705
148      0
149      99.888
150      88.3929
151      99.888
152      59.1795
153      80.087
154      73.815
155      92.4214
156      98.0476
157      99.888
158      99.888
159      97.3545
160      96.3648
161      0
162      0
163      0
164      0
165      74.9979
166      99.8064
167      0.029722
168      0
169      94.6763
170      97.5126
171      0
172      99.888
173      80.087
174      97.3545
175      87.3959
176      54.6992
177      0
178      61.865
179      0
180      0
181      99.7731
182      88.1746
183      68.7965
184      99.8064
185      92.4214
186      92.8709
187      97.7441
188      57.8686
189      48.6652
190      99.8064
191      99.888
192      99.888
193      73.0924
194      96.3648
195      96.0164
196      86.4471
197      99.4283
198      81.0648
199      92.8709
TotalProfit   7399.17
