0      0
1      93.6987
2      62.9861
3      99.9394
4      99.7108
5      99.9394
6      0
7      99.9394
8      85.4256
9      71.0221
10      0
11      0
12      0.198131
13      0
14      99.9394
15      99.9394
16      80.8688
17      0
18      64.7334
19      0
20      99.9394
21      83.7352
22      0
23      99.9776
24      93.6987
25      0
26      99.3011
27      83.7352
28      93.5655
29      83.7352
30      0
31      0
32      76.3004
33      76.3004
34      99.9394
35      68.8759
36      0
37      0
38      88.6853
39      82.3099
40      56.638
41      56.638
42      99.3011
43      72.7955
44      83.7352
45      93.4837
46      93.5655
47      99.9394
48      93.5655
49      64.7334
50      0
51      0
52      0
53      99.9394
54      0
55      0
56      99.9394
57      0
58      0
59      99.9394
60      0.198131
61      99.9394
62      94.2569
63      82.3099
64      0
65      99.3011
66      99.9394
67      99.9394
68      80.8688
69      0
70      56.638
71      85.7431
72      80.8688
73      0
74      92.8651
75      76.5586
76      99.7108
77      80.8688
78      83.7352
79      0
80      68.8759
81      0
82      0
83      99.9394
84      0
85      0
86      99.9394
87      88.6853
88      72.7591
89      83.7352
90      0
91      0
92      56.638
93      97.8492
94      0
95      0
96      93.5655
97      99.9394
98      0
99      78.6099
100      56.638
101      56.638
102      0
103      0
104      99.825
105      99.9394
106      99.9394
107      99.9394
108      93.5655
109      0
110      64.7334
111      0
112      99.9394
113      99.9394
114      0
115      65.098
116      99.6958
117      76.4476
118      0
119      56.638
120      76.3004
121      99.9394
122      99.7108
123      99.7108
124      30.2648
125      88.6853
126      99.3011
127      0
128      88.6853
129      0
130      75.2564
131      99.3011
132      69.2118
133      0
134      0
135      69.2118
136      80.8688
137      0
138      0
139      93.5655
140      58.8194
141      93.6987
142      56.638
143      88.6853
144      76.3004
145      76.9984
146      0
147      99.582
148      68.8759
149      0
150      0.182098
151      99.9394
152      99.9394
153      0
154      99.3011
155      0
156      53.0909
157      0
158      0
159      0
160      72.3908
161      75.2564
162      88.6853
163      0
164      0
165      99.7108
166      92.8651
167      0
168      68.8759
169      39.1363
170      99.9776
171      95.3458
172      99.9394
173      0
174      99.9394
175      69.2118
176      93.5655
177      83.9805
178      53.7692
179      55.713
180      99.9394
181      69.2118
182      0
183      72.9827
184      75.2564
185      99.3011
186      88.6853
187      99.9394
188      76.5586
189      99.3011
190      99.825
191      93.72
192      72.7955
193      88.6853
194      0
195      99.9394
196      99.9394
197      0
198      0
199      53.7692
TotalProfit   7681.44
