0      55
1      0
2      100
3      100
4      70
5      100
6      83
7      93
8      0
9      0
10      0
11      0
12      48
13      100
14      93
15      0
16      52
17      76
18      100
19      44
20      0
21      100
22      100
23      83
24      0
25      71
26      0
27      100
28      98
29      0
30      84
31      64
32      0
33      85
34      0
35      0
36      0
37      98
38      88
39      100
40      100
41      0
42      100
43      100
44      100
45      100
46      0
47      87
48      59
49      63
TotalProfit   1638.28
