0      49
1      0
2      0
3      0
4      83
5      0
6      0
7      100
8      100
9      100
10      0
11      79
12      0
13      100
14      0
15      0
16      100
17      61
18      100
19      100
20      73
21      67
22      0
23      0
24      100
25      100
26      0
27      78
28      71
29      85
30      0
31      87
32      52
33      100
34      100
35      100
36      100
37      100
38      100
39      71
40      79
41      0
42      71
43      100
44      0
45      100
46      73
47      100
48      100
49      71
TotalProfit   1648.89
