0      90
1      100
2      0
3      88
4      100
5      100
6      0
7      0
8      0
9      82
10      96
11      100
12      0
13      100
14      97
15      0
16      100
17      100
18      100
19      96
20      0
21      67
22      0
23      0
24      77
25      0
26      0
27      0
28      88
29      0
30      50
31      96
32      93
33      0
34      34
35      97
36      14
37      100
38      0
39      81
40      100
41      0
42      65
43      100
44      57
45      90
46      87
47      38
48      57
49      100
TotalProfit   1511.23
