0      100
1      100
2      100
3      73
4      100
5      100
6      100
7      0
8      75
9      100
10      60
11      0
12      0
13      84
14      81
15      75
16      100
17      100
18      0
19      75
20      0
21      0
22      0
23      0
24      79
25      73
26      0
27      0
28      0
29      100
30      100
31      100
32      58
33      87
34      50
35      75
36      70
37      88
38      75
39      0
40      88
41      0
42      60
43      100
44      0
45      0
46      0
47      100
48      100
49      75
TotalProfit   1283.08
