0      0
1      72
2      54
3      100
4      100
5      77
6      100
7      100
8      0
9      88
10      100
11      72
12      0
13      100
14      53
15      0
16      93
17      100
18      0
19      62
20      0
21      72
22      100
23      67
24      0
25      93
26      52
27      68
28      100
29      100
30      0
31      100
32      0
33      0
34      83
35      83
36      100
37      100
38      100
39      100
40      63
41      0
42      5
43      88
44      0
45      0
46      0
47      0
48      0
49      100
TotalProfit   1543.27
