0      0
1      0
2      0
3      100
4      98
5      0
6      100
7      44
8      0
9      94
10      0
11      46
12      100
13      0
14      100
15      100
16      66
17      0
18      99
19      0
20      86
21      43
22      92
23      0
24      0
25      72
26      100
27      0
28      62
29      0
30      94
31      0
32      46
33      100
34      100
35      99
36      0
37      81
38      100
39      98
40      100
41      100
42      0
43      86
44      100
45      100
46      48
47      0
48      100
49      62
TotalProfit   1794.69
