0      0
1      70
2      79
3      0
4      0
5      100
6      66
7      100
8      0
9      0
10      68
11      100
12      81
13      0
14      96
15      100
16      100
17      64
18      100
19      100
20      61
21      55
22      0
23      0
24      64
25      100
26      87
27      0
28      66
29      0
30      100
31      70
32      40
33      90
34      70
35      100
36      100
37      0
38      100
39      0
40      61
41      70
42      100
43      0
44      100
45      0
46      0
47      100
48      0
49      100
TotalProfit   1877.02
