0      100
1      0
2      0
3      0
4      100
5      64
6      56
7      59
8      100
9      100
10      55
11      92
12      0
13      67
14      0
15      100
16      0
17      59
18      100
19      100
20      100
21      100
22      76
23      0
24      0
25      100
26      92
27      100
28      0
29      100
30      0
31      100
32      0
33      0
34      100
35      0
36      100
37      98
38      100
39      52
40      87
41      91
42      91
43      0
44      60
45      0
46      68
47      67
48      89
49      0
TotalProfit   2077.36
