0      74
1      100
2      74
3      100
4      95
5      0
6      78
7      0
8      0
9      100
10      38
11      61
12      100
13      0
14      0
15      0
16      0
17      0
18      75
19      84
20      91
21      0
22      47
23      95
24      0
25      0
26      91
27      100
28      0
29      100
30      95
31      74
32      39
33      0
34      64
35      0
36      95
37      100
38      50
39      100
40      100
41      81
42      0
43      0
44      100
45      100
46      100
47      100
48      100
49      0
TotalProfit   1624.75
