0      90
1      100
2      59
3      0
4      76
5      90
6      100
7      100
8      100
9      100
10      100
11      0
12      0
13      0
14      0
15      74
16      0
17      0
18      0
19      99
20      100
21      0
22      100
23      80
24      96
25      81
26      0
27      0
28      65
29      0
30      0
31      100
32      90
33      64
34      0
35      91
36      92
37      99
38      54
39      49
40      100
41      100
42      100
43      73
44      0
45      100
46      90
47      100
48      79
49      93
TotalProfit   1935.68
