0      77
1      0
2      100
3      100
4      0
5      54
6      0
7      0
8      68
9      90
10      0
11      0
12      0
13      0
14      70
15      73
16      100
17      0
18      0
19      100
20      71
21      82
22      100
23      69
24      100
25      83
26      89
27      0
28      83
29      82
30      89
31      0
32      0
33      83
34      54
35      100
36      69
37      100
38      100
39      64
40      0
41      0
42      100
43      0
44      82
45      100
46      100
47      0
48      0
49      0
TotalProfit   1663.45
