0      100
1      0
2      100
3      100
4      0
5      100
6      78
7      51
8      0
9      0
10      100
11      98
12      0
13      65
14      75
15      32
16      0
17      100
18      0
19      0
20      92
21      0
22      0
23      94
24      51
25      94
26      0
27      0
28      0
29      59
30      98
31      80
32      100
33      0
34      100
35      78
36      100
37      0
38      95
39      55
40      100
41      73
42      75
43      51
44      0
45      100
46      100
47      0
48      100
49      0
TotalProfit   1639.51
