0      100
1      0
2      48
3      95
4      100
5      100
6      70
7      0
8      89
9      64
10      83
11      66
12      73
13      0
14      83
15      89
16      93
17      0
18      83
19      0
20      0
21      100
22      0
23      73
24      0
25      100
26      100
27      90
28      100
29      90
30      100
31      52
32      0
33      0
34      61
35      81
36      26
37      0
38      48
39      100
40      0
41      100
42      100
43      62
44      0
45      59
46      0
47      94
48      50
49      59
TotalProfit   1759.09
