0      59
1      0
2      0
3      78
4      0
5      0
6      85
7      100
8      59
9      52
10      0
11      0
12      0
13      0
14      0
15      0
16      0
17      56
18      58
19      92
20      99
21      83
22      100
23      78
24      82
25      0
26      99
27      100
28      92
29      100
30      100
31      0
32      100
33      100
34      5
35      100
36      82
37      0
38      100
39      99
40      100
41      0
42      100
43      0
44      75
45      100
46      100
47      100
48      88
49      74
TotalProfit   1779.59
