0      100
1      94
2      0
3      100
4      76
5      100
6      50
7      100
8      58
9      100
10      68
11      0
12      37
13      63
14      0
15      100
16      82
17      0
18      100
19      99
20      100
21      100
22      0
23      58
24      73
25      0
26      5
27      100
28      0
29      1
30      82
31      0
32      74
33      100
34      0
35      0
36      1
37      100
38      83
39      84
40      78
41      100
42      68
43      74
44      0
45      100
46      0
47      100
48      0
49      83
TotalProfit   1647.93
