0      0
1      100
2      76
3      3
4      0
5      96
6      0
7      0
8      85
9      0
10      90
11      0
12      70
13      100
14      83
15      53
16      100
17      100
18      0
19      0
20      100
21      0
22      100
23      65
24      63
25      82
26      76
27      100
28      0
29      60
30      82
31      0
32      66
33      83
34      0
35      100
36      53
37      70
38      0
39      82
40      0
41      0
42      48
43      100
44      65
45      85
46      0
47      0
48      100
49      100
TotalProfit   1710.64
