0      100
1      100
2      0
3      0
4      100
5      100
6      94
7      70
8      58
9      100
10      100
11      79
12      100
13      100
14      0
15      88
16      0
17      3
18      0
19      100
20      85
21      96
22      0
23      88
24      0
25      87
26      85
27      13
28      65
29      0
30      0
31      0
32      100
33      100
34      90
35      90
36      100
37      100
38      49
39      96
40      81
41      80
42      3
43      85
44      100
45      60
46      0
47      80
48      81
49      100
TotalProfit   1631.96
