0      0
1      51
2      100
3      0
4      84
5      0
6      96
7      100
8      96
9      0
10      100
11      100
12      100
13      73
14      0
15      100
16      0
17      0
18      100
19      0
20      0
21      75
22      78
23      49
24      94
25      0
26      100
27      0
28      100
29      79
30      100
31      0
32      0
33      100
34      89
35      45
36      100
37      68
38      93
39      100
40      84
41      100
42      100
43      93
44      88
45      0
46      100
47      0
48      0
49      100
TotalProfit   1946.83
