0      100
1      82
2      98
3      100
4      0
5      100
6      0
7      100
8      100
9      100
10      100
11      62
12      82
13      70
14      100
15      100
16      100
17      0
18      100
19      78
20      100
21      100
22      0
23      82
24      0
25      100
26      0
27      98
28      0
29      96
30      0
31      82
32      0
33      0
34      100
35      100
36      54
37      0
38      0
39      58
40      100
41      100
42      100
43      0
44      54
45      0
46      100
47      82
48      100
49      0
TotalProfit   1628.64
