0      0
1      67
2      59
3      100
4      0
5      96
6      53
7      0
8      59
9      73
10      0
11      82
12      5
13      100
14      7
15      54
16      86
17      0
18      0
19      100
20      64
21      0
22      95
23      100
24      95
25      0
26      90
27      0
28      7
29      0
30      83
31      53
32      100
33      100
34      0
35      47
36      0
37      100
38      100
39      73
40      73
41      82
42      73
43      82
44      100
45      86
46      0
47      100
48      95
49      100
TotalProfit   1670.7
