0      0
1      73.3398
2      80.3944
3      0.0110365
4      0
5      99.6669
6      67.4813
7      94.7677
8      0
9      0
10      0
11      99.9986
12      82.7822
13      0
14      94.7677
15      76.192
16      96.8008
17      67.4813
18      99.9986
19      99.9853
20      0
21      61.4469
22      0
23      0
24      65.7897
25      99.9853
26      88.4235
27      0
28      62.9365
29      0
30      99.9836
31      67.4813
32      40.3395
33      89.826
34      72.5048
35      0
36      99.6669
37      0
38      99.9836
39      0
40      59.0959
41      68.8164
42      99.9853
43      0
44      99.9836
45      0.0110365
46      0
47      99.5967
48      0
49      99.9853
50      91.9902
51      99.9986
52      59.0959
53      0
54      77.3832
55      91.9902
56      99.8987
57      99.9986
58      99.9986
59      97.9893
60      99.5967
61      0
62      1.57973
63      0
64      0
65      78.3351
66      99.9853
67      0.0110365
68      0
69      96.0061
70      97.6137
71      0
72      99.9853
73      86.2258
74      99.5967
75      88.4235
76      59.0959
77      0
78      62.9365
79      0
80      0
81      99.9836
82      90.0186
83      67.4813
84      0
85      91.2077
86      94.7677
87      99.6669
88      65.9871
89      59.0959
90      99.9836
91      99.9853
92      99.9853
93      77.3832
94      96.0061
95      89.826
96      88.4235
97      99.8987
98      88.7671
99      94.7677
TotalProfit   3903.69
