0      6.6216
1      87.5761
2      0.00378013
3      99.9891
4      97.3823
5      0
6      99.9891
7      51.4531
8      5.87643
9      98.6861
10      0.00378013
11      52.1988
12      99.9891
13      0
14      99.9891
15      99.9891
16      82.4662
17      0
18      98.8164
19      0
20      90.2197
21      47.343
22      95.9453
23      0
24      0
25      81.9757
26      99.9891
27      0.00378013
28      70.2134
29      0
30      95.9453
31      0
32      59.4582
33      99.9891
34      99.8374
35      96.0331
36      0
37      82.4662
38      99.6039
39      98.6861
40      99.9891
41      99.8784
42      0.00378013
43      90.2197
44      99.8784
45      98.7203
46      59.4582
47      0.00378013
48      99.9891
49      75.9652
50      56.2642
51      0.00378013
52      0
53      70.2134
54      0
55      3.52074
56      84.9677
57      98.7203
58      51.4531
59      50.3924
60      0
61      0
62      0
63      0
64      0
65      0.00378013
66      0.00378013
67      52.1988
68      55.631
69      94.1956
70      90.9047
71      87.6636
72      99.8784
73      72.095
74      75.9652
75      0.00378013
76      95.8497
77      99.9891
78      82.4662
79      99.8374
80      0
81      0.00378013
82      98.7203
83      99.9891
84      0.00378013
85      98.7203
86      75.9652
87      50.3924
88      99.9891
89      95.9453
90      99.9891
91      0
92      99.9891
93      22.1126
94      70.2134
95      99.8374
96      99.8784
97      99.9981
98      88.6295
99      63.2479
TotalProfit   3655.95
