0      0
1      0
2      65.1168
3      72.5045
4      87.1586
5      0.786022
6      0
7      92.4292
8      99.2035
9      86.3082
10      36.6075
11      83.3837
12      0
13      0
14      0
15      0
16      99.9737
17      99.8935
18      68.6616
19      54.3419
20      85.3555
21      0
22      0
23      99.8935
24      0
25      83.3837
26      0
27      0
28      0
29      99.9036
30      0
31      99.8935
32      99.9036
33      98.9534
34      99.9737
35      68.6616
36      0
37      99.2035
38      92.4292
39      73.5302
40      56.9914
41      99.9926
42      99.8935
43      83.3837
44      99.9737
45      92.4292
46      97.0029
47      85.6196
48      0
49      88.6702
50      0
51      56.9914
52      0
53      99.8935
54      99.9737
55      99.9737
56      0
57      88.3255
58      0
59      78.5304
60      72.5045
61      72.5045
62      99.9737
63      0
64      2.81658
65      77.2481
66      54.3419
67      72.5045
68      0
69      65.1168
70      72.5045
71      99.8935
72      0
73      99.8935
74      99.8935
75      99.8935
76      93.4123
77      88.3774
78      0
79      92.4292
80      0
81      99.8935
82      0
83      72.4797
84      99.9737
85      69.5573
86      0
87      85.6196
88      99.8935
89      0
90      85.7436
91      0
92      77.0636
93      69.5573
94      0
95      99.2035
96      99.8935
97      99.8935
98      87.1586
99      0
TotalProfit   3718.12
