0      0.0128283
1      50.7562
2      99.997
3      0
4      89.8267
5      0
6      90.7806
7      93.6522
8      92.8064
9      0
10      99.967
11      99.9787
12      99.967
13      77.1786
14      0
15      99.9787
16      0
17      0
18      99.9787
19      0
20      0
21      77.7917
22      77.1786
23      49.8261
24      91.6636
25      0
26      99.9787
27      0
28      99.997
29      75.9635
30      99.9787
31      0
32      99.9787
33      99.9787
34      89.0066
35      49.4764
36      99.7367
37      69.9329
38      92.8064
39      99.9787
40      82.838
41      99.372
42      93.2174
43      92.5302
44      91.6636
45      0
46      99.9787
47      0
48      20.2897
49      99.9787
50      99.372
51      99.997
52      0
53      0
54      99.9787
55      99.997
56      77.7917
57      66.2402
58      58.4405
59      46.7783
60      99.997
61      80.6409
62      99.997
63      93.6404
64      0
65      81.5657
66      0
67      0
68      0
69      87.9102
70      81.5657
71      90.1142
72      0
73      87.9102
74      0
75      85.0497
76      82.2682
77      0
78      60.4366
79      0
80      0
81      0
82      93.6404
83      99.372
84      85.0497
85      85.0497
86      99.967
87      99.997
88      60.4366
89      90.1142
90      85.0497
91      75.7304
92      0
93      81.5657
94      99.997
95      68.8066
96      0.0451114
97      69.9329
98      75.9635
99      99.997
TotalProfit   3628.82
