0      0
1      99.8144
2      72.5937
3      0
4      0
5      93.2363
6      0
7      0
8      75.7146
9      0
10      85.5269
11      0
12      72.8522
13      98.3249
14      85.185
15      58.223
16      99.7989
17      99.9018
18      0.0135809
19      0
20      99.7989
21      0
22      99.7636
23      63.8789
24      60.8249
25      84.238
26      72.8522
27      99.9018
28      60.8249
29      62.8126
30      77.352
31      0
32      73.3307
33      84.238
34      0
35      99.7989
36      58.223
37      72.8522
38      0
39      75.7146
40      0
41      0
42      54.2451
43      99.7989
44      63.7732
45      85.5269
46      0
47      0
48      99.9018
49      99.7989
50      0
51      92.8677
52      0
53      99.8144
54      72.8522
55      99.4368
56      0
57      93.3004
58      60.8249
59      99.9018
60      63.6993
61      0
62      0
63      75.7146
64      0
65      99.7636
66      85.5269
67      99.4368
68      99.7989
69      93.9447
70      99.7652
71      99.512
72      0
73      56.6874
74      69.3737
75      0
76      0
77      99.9018
78      0
79      0.0135809
80      72.8522
81      0
82      72.0021
83      99.8144
84      0
85      0
86      0
87      99.8144
88      79.9008
89      81.7411
90      74.9919
91      99.512
92      63.7194
93      72.8522
94      0
95      99.7652
96      0
97      99.7989
98      0
99      76.5104
TotalProfit   3349.72
