0      85.13
1      99.9699
2      0
3      85.9463
4      99.9699
5      99.7564
6      0
7      0
8      0
9      78.4725
10      0
11      99.9754
12      0
13      99.9699
14      71.1284
15      0
16      99.9754
17      99.9754
18      99.9699
19      86.5225
20      0
21      69.8508
22      0
23      0
24      78.4725
25      0
26      0
27      0
28      85.9463
29      0
30      56.0548
31      91.243
32      85.9463
33      0
34      39.7895
35      91.243
36      13.5122
37      0
38      18.6164
39      75.484
40      99.9754
41      0
42      61.4297
43      99.7564
44      58.9634
45      85.9463
46      82.0634
47      52.4036
48      56.5977
49      99.9699
50      76.0429
51      99.5412
52      73.2453
53      99.7564
54      85.9463
55      0
56      79.7691
57      0
58      0
59      99.9699
60      48.9498
61      56.2862
62      99.9699
63      0
64      64.8616
65      0.0222534
66      0.0222534
67      0
68      73.2453
69      82.0634
70      89.3014
71      0.0222534
72      52.9769
73      94.8189
74      0
75      0.0222534
76      86.0546
77      99.9699
78      0
79      99.9699
80      94.8189
81      64.7656
82      46.5901
83      0
84      61.4297
85      73.2453
86      94.0276
87      99.9754
88      56.2862
89      99.65
90      99.9699
91      79.7691
92      0
93      0
94      99.9754
95      99.7564
96      99.7564
97      99.7564
98      99.9699
99      0
TotalProfit   3193.26
