0      0
1      70.4646
2      0.0343111
3      0
4      0.210955
5      98.5168
6      0
7      0
8      0
9      99.3439
10      91.5399
11      99.9822
12      80.2375
13      0
14      45.7223
15      73.9333
16      73.9333
17      0
18      80.2233
19      0.0343111
20      64.4749
21      0
22      80.2375
23      99.3439
24      99.3439
25      80.2375
26      80.2375
27      73.1044
28      99.9822
29      89.8745
30      0
31      99.9706
32      64.1081
33      0
34      64.4749
35      99.9822
36      99.3439
37      64.1081
38      60.8637
39      0
40      0
41      89.5996
42      0
43      91.5399
44      60.8637
45      99.3439
46      91.5399
47      99.9822
48      87.5892
49      82.9453
50      99.9822
51      0.0073063
52      54.7589
53      64.4749
54      99.9822
55      90.0777
56      99.3439
57      64.4749
58      99.9822
59      82.9453
60      99.9706
61      99.5382
62      99.3439
63      54.7589
64      0
65      82.9066
66      89.017
67      99.9822
68      0.0073063
69      0
70      99.3439
71      43.4965
72      99.815
73      59.0789
74      64.4749
75      97.6572
76      15.0142
77      89.8162
78      99.9706
79      0
80      99.815
81      94.9798
82      99.815
83      94.9931
84      0
85      0.0073063
86      91.5399
87      0
88      0.0343111
89      0
90      99.9706
91      99.815
92      0
93      0
94      69.9618
95      82.9453
96      99.9822
97      0
98      59.0789
99      99.9822
TotalProfit   3300.59
