0      0
1      75.2036
2      0
3      99.9667
4      99.9667
5      75.092
6      99.9667
7      0
8      0.0136399
9      84.1831
10      99.0707
11      72.612
12      0
13      99.9667
14      58.3876
15      0
16      87.2943
17      98.6034
18      0
19      60.4252
20      0
21      69.704
22      95.2476
23      82.9635
24      0
25      95.2267
26      84.1831
27      69.2862
28      99.9667
29      96.9939
30      0
31      90.2582
32      0.0136399
33      0
34      84.4832
35      71.3714
36      98.6034
37      99.0943
38      98.9751
39      97.1361
40      60.4252
41      0
42      0.0136399
43      92.8562
44      0
45      0.265625
46      0.265625
47      0
48      0
49      99.0707
50      79.2605
51      0
52      99.0707
53      99.0707
54      0
55      60.4252
56      0
57      0
58      81.6388
59      96.946
60      0
61      0
62      0
63      0
64      70.1701
65      86.4774
66      99.9667
67      0
68      0
69      99.9667
70      70.1701
71      87.2943
72      99.9667
73      0
74      99.9667
75      87.6765
76      87.2943
77      0
78      94.9067
79      72.612
80      95.112
81      0
82      0
83      91.1259
84      60.6249
85      92.8562
86      70.1701
87      99.9667
88      99.0943
89      64.193
90      0
91      3.39402
92      90.2913
93      95.2267
94      87.2943
95      94.9067
96      99.0943
97      0
98      0
99      0
TotalProfit   3208.5
