0      96.2421
1      0.42651
2      45.5613
3      94.7285
4      99.9782
5      99.7092
6      67.1534
7      0.0279538
8      88.1678
9      0
10      86.0968
11      69.9033
12      72.1652
13      0
14      86.8465
15      90.4046
16      95.7951
17      0
18      88.5643
19      0
20      83.6628
21      99.9782
22      32.2285
23      79.1731
24      0
25      99.9782
26      99.9782
27      89.9525
28      99.9782
29      94.1903
30      99.9782
31      48.8979
32      0
33      0
34      67.1534
35      81.8626
36      0
37      0
38      48.8979
39      99.3058
40      0
41      99.9782
42      99.3058
43      61.9752
44      0
45      67.1534
46      0
47      94.7285
48      48.8979
49      67.1534
50      0
51      0
52      99.3385
53      98.7369
54      67.1534
55      99.9782
56      81.8626
57      93.0616
58      0
59      43.952
60      0
61      0
62      45.8893
63      93.0616
64      93.303
65      0
66      48.8979
67      72.1652
68      99.9782
69      45.5613
70      0
71      96.1539
72      86.0968
73      84.8915
74      45.5613
75      68.0829
76      0
77      99.9782
78      98.7369
79      0
80      86.6565
81      67.1534
82      0
83      75.4908
84      0
85      3.66051
86      0
87      99.3058
88      86.8465
89      99.3058
90      99.9782
91      0
92      99.3058
93      99.9782
94      99.9782
95      99.9782
96      0
97      81.8626
98      55.5767
99      61.9752
TotalProfit   3429.21
