0      99.9928
1      99.3336
2      99.9693
3      83.7067
4      99.4159
5      0
6      99.9928
7      0
8      83.2816
9      35.098
10      55.8028
11      0
12      0
13      74.8095
14      76.9597
15      78.9251
16      97.3704
17      99.9928
18      0
19      77.8226
20      0
21      0
22      0.00899436
23      0
24      77.9492
25      74.8769
26      0
27      10.3606
28      0
29      99.9928
30      99.9928
31      99.5235
32      62.8334
33      88.0165
34      54.5482
35      74.8095
36      70.6281
37      92.124
38      75.7894
39      0
40      86.8637
41      0
42      66.644
43      0
44      0
45      0.00899436
46      0
47      99.5235
48      99.9928
49      75.9459
50      99.9928
51      54.5482
52      99.9928
53      99.5235
54      99.9824
55      99.9928
56      75.7894
57      51.4928
58      0
59      0
60      99.9824
61      92.9613
62      0
63      57.0254
64      86.8637
65      0.00899436
66      0
67      99.9928
68      0
69      0
70      96.7346
71      0
72      0
73      92.2949
74      56.4995
75      90.1431
76      0
77      0
78      0
79      60.9861
80      99.5235
81      77.9492
82      99.9824
83      0.00899436
84      99.9928
85      72.2657
86      99.9928
87      96.8033
88      97.3704
89      60.9861
90      99.9928
91      67.301
92      70.0937
93      54.5482
94      96.8033
95      99.9824
96      99.9824
97      0
98      99.9928
99      0
TotalProfit   2945.94
