0      98.4462
1      0
2      0
3      0
4      99.9018
5      73.7983
6      66.9544
7      66.9544
8      99.4772
9      99.7243
10      45.6467
11      96.614
12      70.287
13      70.8346
14      0
15      99.9752
16      0
17      66.9544
18      96.614
19      99.9752
20      99.9752
21      99.4245
22      74.4963
23      0
24      0
25      99.5292
26      90.0918
27      99.9752
28      0
29      99.7243
30      0.160101
31      95
32      99.9752
33      0
34      99.9018
35      0
36      99.7243
37      98.4462
38      95.7653
39      62.6454
40      88.6392
41      90.783
42      77.8817
43      0
44      69.117
45      0
46      74.4963
47      67.4413
48      87.6755
49      0
50      0
51      0
52      0
53      0
54      74.4963
55      0
56      0
57      99.4772
58      99.4772
59      0
60      0
61      79.6838
62      0
63      99.7243
64      0.160101
65      0
66      96.614
67      61.9938
68      99.4772
69      99.9018
70      79.6838
71      66.9544
72      0
73      0
74      99.7243
75      93.3369
76      0
77      82.8167
78      0
79      85.6727
80      0
81      88.6115
82      61.9938
83      99.4772
84      99.9752
85      91.1602
86      99.5292
87      99.4772
88      88.6115
89      76.0099
90      74.4963
91      0
92      66.9544
93      90.8025
94      0.0162879
95      96.614
96      66.9544
97      99.7243
98      99.7243
99      70.2868
TotalProfit   3823.1
