0      0
1      0
2      99.7441
3      99.9943
4      99.9151
5      0.00900678
6      0.843991
7      84.2458
8      82.1357
9      0
10      84.8763
11      0
12      79.1486
13      99.649
14      0
15      53.1279
16      76.7607
17      0.00711522
18      99.9151
19      99.9943
20      99.49
21      99.9943
22      95.079
23      0
24      58.0562
25      70.9444
26      0
27      99.49
28      99.9943
29      0
30      99.9943
31      99.9943
32      0.00228023
33      58.5938
34      52.8629
35      53.1279
36      99.5436
37      95.079
38      74.4449
39      99.5436
40      0
41      99.9943
42      70.1915
43      73.3146
44      0.00900678
45      99.9943
46      0
47      0
48      63.4632
49      65.0686
50      0
51      0
52      65.8057
53      65.1252
54      88.4122
55      73.3146
56      0.00711522
57      77.454
58      0
59      0
60      99.5436
61      99.9151
62      99.9953
63      0
64      0
65      70.9444
66      0
67      0
68      0
69      45.4406
70      43.4657
71      0
72      43.4657
73      0.00711522
74      88.8937
75      95.079
76      99.9151
77      52.8629
78      99.9943
79      91.3277
80      65.1252
81      99.9151
82      99.9943
83      96.2599
84      0.00900678
85      96.9521
86      79.1486
87      70.1915
88      99.9943
89      99.9943
90      44.2599
91      95.2
92      95.2
93      99.49
94      73.3146
95      63.4119
96      0
97      70.9444
98      0
99      99.2281
TotalProfit   3356.2
