0      81.7689
1      97.4923
2      67.5656
3      99.98
4      0
5      0
6      99.98
7      97.563
8      69.2648
9      95.7577
10      85.9231
11      0
12      99.035
13      88.6441
14      0
15      40.0281
16      0
17      0
18      0
19      59.9516
20      0
21      78.7753
22      0.0236229
23      59.9516
24      0
25      99.98
26      79.9876
27      81.7689
28      85.9231
29      65.6449
30      99.1931
31      60.4607
32      98.1152
33      99.9882
34      65.5093
35      62.1158
36      0
37      99.98
38      69.5878
39      99.98
40      99.98
41      97.5554
42      99.98
43      80.4987
44      63.8764
45      99.9882
46      0
47      81.7689
48      99.9882
49      99.98
50      99.98
51      99.98
52      67.5656
53      81.0987
54      0
55      56.4279
56      99.9882
57      62.1158
58      0
59      85.9231
60      89.129
61      69.5878
62      99.9882
63      0.0236229
64      91.126
65      80.4987
66      91.1041
67      0
68      99.98
69      0
70      99.1931
71      62.1158
72      80.4987
73      99.98
74      99.98
75      0.0236229
76      64.9142
77      63.8764
78      0
79      0
80      0
81      64.5278
82      0
83      0
84      94.2388
85      0
86      99.98
87      99.9882
88      99.98
89      0
90      99.98
91      0
92      99.9882
93      0
94      99.9882
95      67.5656
96      97.4923
97      59.9516
98      0
99      71.0494
TotalProfit   3464.96
