0      0
1      99.7558
2      0
3      0
4      92.144
5      80.1442
6      0
7      65.4601
8      0
9      0.00579876
10      0
11      88.6056
12      99.9817
13      0.00579876
14      65.1484
15      58.8434
16      96.9621
17      0
18      0
19      81.6638
20      78.0142
21      65.8778
22      65.1484
23      76.2882
24      0
25      0
26      76.2882
27      99.6521
28      99.9817
29      90.8666
30      98.3428
31      89.3738
32      0
33      70.2335
34      70.2335
35      99.4327
36      99.7558
37      81.6638
38      92.3599
39      99.6888
40      99.5984
41      65.1484
42      76.2882
43      0
44      99.9817
45      99.9817
46      99.9817
47      98.3428
48      62.9916
49      76.2882
50      0
51      0
52      0
53      0
54      65.1484
55      99.9817
56      99.9817
57      0
58      99.6888
59      84.4609
60      0
61      0
62      65.1484
63      59.4063
64      77.1179
65      99.7558
66      0.00579876
67      55.1111
68      58.8434
69      98.3428
70      99.9817
71      0
72      78.0142
73      99.9817
74      0
75      99.6888
76      49.792
77      0
78      88.6056
79      0
80      99.5984
81      89.3738
82      0
83      0
84      0
85      92.7719
86      56.0404
87      82.5016
88      99.6888
89      99.6521
90      0
91      99.7558
92      65.1484
93      99.9817
94      53.8026
95      69.1116
96      99.9817
97      13.9616
98      99.6521
99      59.4063
TotalProfit   3255.81
