0      99.7402
1      51.6452
2      93.4747
3      0
4      0
5      99.9866
6      0
7      95.3202
8      0
9      81.3895
10      0
11      77.5368
12      54.0494
13      99.9866
14      0
15      99.9866
16      99.9866
17      75.0242
18      90.2923
19      79.1733
20      58.236
21      0
22      79.1733
23      63.191
24      51.3308
25      81.3895
26      93.4747
27      99.9866
28      95.3202
29      0
30      0
31      55.4003
32      99.9866
33      0
34      99.8939
35      0
36      65.8692
37      93.7966
38      0
39      63.191
40      0
41      98.8505
42      90.7969
43      63.191
44      74.6308
45      65.8692
46      99.7402
47      85.3531
48      95.6575
49      74.6308
50      55.4003
51      98.8505
52      99.7474
53      79.1733
54      0.4299
55      0
56      99.9866
57      99.989
58      0
59      53.3564
60      0
61      78.8042
62      76.4553
63      99.9866
64      99.989
65      0
66      53.3564
67      99.7402
68      70.674
69      0
70      54.0494
71      99.8939
72      0
73      74.6308
74      74.6308
75      93.4747
76      0
77      46.2225
78      99.9866
79      0
80      0
81      0
82      0
83      88.7337
84      39.1883
85      74.6308
86      99.9866
87      0
88      99.9866
89      4.50774
90      0
91      99.8939
92      99.0288
93      0
94      99.9866
95      0
96      69.059
97      0
98      65.8692
99      99.8939
TotalProfit   3179.32
