0      99.8309
1      98.9656
2      0.709045
3      65.0333
4      99.8652
5      99.8272
6      81.7605
7      61.7264
8      75.4343
9      73.4241
10      81.7605
11      0
12      0
13      94.0855
14      0
15      0
16      91.541
17      0
18      81.9074
19      50.0622
20      99.8272
21      82.838
22      0
23      99.8272
24      0
25      95.8928
26      6.93251
27      0
28      51.255
29      69.4533
30      0
31      0
32      81.7605
33      99.8309
34      83.4655
35      0
36      0
37      0
38      99.8226
39      90.1403
40      70.0821
41      69.4533
42      0
43      89.1164
44      75.4343
45      98.9656
46      0
47      89.1164
48      65.7502
49      89.3181
50      0
51      0
52      94.0855
53      0
54      88.4955
55      94.0855
56      91.541
57      69.4533
58      89.1164
59      0
60      99.8272
61      0
62      0
63      0
64      98.8361
65      0.0152621
66      0
67      94.0855
68      99.8272
69      89.1164
70      99.8272
71      99.8309
72      85.3661
73      79.3855
74      94.0855
75      68.3992
76      69.4533
77      94.0855
78      0
79      79.2776
80      75.4343
81      56.4537
82      0
83      80.399
84      0
85      88.4955
86      69.4533
87      69.4533
88      0
89      0
90      89.1164
91      0
92      99.8309
93      80.399
94      0
95      69.4533
96      82.2874
97      0
98      79.3103
99      0
TotalProfit   3808.36
