0      0
1      82.0098
2      76.0811
3      99.9951
4      0
5      93.1172
6      63.5901
7      0
8      68.681
9      89.5206
10      0
11      92.5321
12      0
13      98.6447
14      0
15      77.4189
16      90.3232
17      0
18      0
19      99.9951
20      63.4385
21      0
22      98.6447
23      99.8327
24      92.2805
25      0
26      93.2155
27      0
28      20.3248
29      0
30      89.5479
31      0
32      93.6883
33      99.8327
34      0
35      0
36      0
37      99.9951
38      99.3755
39      78.5211
40      78.4397
41      89.5479
42      78.4397
43      78.5211
44      99.9951
45      85.194
46      99.9951
47      99.9951
48      94.4696
49      99.9951
50      0
51      77.0101
52      93.6883
53      98.6447
54      0
55      99.9951
56      0
57      99.8327
58      98.6447
59      0
60      98.6447
61      72.6702
62      80.6039
63      76.8657
64      99.9951
65      99.9951
66      99.9951
67      0
68      98.6447
69      80.6039
70      98.6447
71      98.6447
72      0
73      80.7775
74      0
75      99.9951
76      0
77      93.6883
78      0
79      85.6857
80      0
81      85.194
82      0
83      0
84      96.3266
85      99.9951
86      55.5431
87      58.9314
88      0
89      62.9586
90      0
91      0
92      99.9951
93      0
94      55.1588
95      0
96      0
97      84.6568
98      99.9597
99      0
TotalProfit   3370.65
