0      96.9749
1      63.158
2      99.9397
3      95.228
4      81.8601
5      62.0034
6      96.9749
7      58.7742
8      88.0529
9      53.9989
10      73.4021
11      98.3171
12      89.5266
13      82.4764
14      0
15      0
16      0
17      0
18      99.8649
19      96.9749
20      52.7439
21      87.8809
22      92.4121
23      62.0034
24      82.4764
25      99.9397
26      0
27      82.4764
28      0
29      99.9397
30      52.6393
31      93.499
32      74.0955
33      99.8482
34      92.9591
35      98.3171
36      0
37      0
38      58.7742
39      79.7824
40      51.6476
41      0
42      0
43      0
44      0
45      89.2275
46      0
47      0
48      0
49      78.1606
50      99.9397
51      0
52      0
53      99.9397
54      69.507
55      59.8382
56      66.8082
57      99.9397
58      0
59      89.5266
60      76.6549
61      89.5266
62      45.704
63      0
64      79.7824
65      62.0034
66      99.9397
67      99.9397
68      99.9397
69      93.499
70      53.9989
71      84.1067
72      63.158
73      0
74      0
75      76.6549
76      0
77      0
78      0
79      0
80      53.9989
81      96.9749
82      99.9397
83      99.8482
84      0
85      0.0214833
86      90.4714
87      99.9397
88      92.4121
89      59.7949
90      79.7824
91      0
92      0
93      99.9397
94      76.6549
95      99.9397
96      74.0955
97      72.3631
98      0
99      0
TotalProfit   3726.96
