0      50.1974
1      0.00255563
2      93.6272
3      54.1727
4      99.7778
5      99.9689
6      98.104
7      99.9957
8      99.9957
9      0
10      0
11      0
12      99.5677
13      6.11301
14      99.9689
15      98.1285
16      0
17      0.00255563
18      99.9321
19      0.00255563
20      99.9957
21      77.9761
22      99.5677
23      99.9321
24      80.9713
25      99.9957
26      0
27      80.9713
28      0.00255563
29      0.00255563
30      99.9321
31      94.3321
32      99.9957
33      69.7217
34      0
35      0
36      62.0947
37      85.1731
38      99.7778
39      99.9957
40      99.9957
41      0
42      0
43      99.9957
44      0
45      0.0154561
46      0
47      58.5796
48      71.955
49      99.9957
50      99.9957
51      59.9233
52      80.3643
53      0
54      99.9957
55      0
56      84.0086
57      90.5837
58      0
59      0
60      84.0086
61      0
62      0
63      69.7217
64      99.7636
65      0.000778341
66      0.0154561
67      0
68      99.9689
69      0.724059
70      0.0154561
71      59.6319
72      69.7217
73      59.6319
74      74.3364
75      88.3126
76      54.1727
77      99.9957
78      99.9957
79      99.9957
80      0
81      0.724059
82      0.724059
83      99.7778
84      0
85      0
86      0
87      99.9957
88      99.9957
89      99.9689
90      98.1285
91      88.9051
92      98.1285
93      80.9801
94      50.7462
95      81.8646
96      69.4896
97      59.6319
98      0.724059
99      0
TotalProfit   2781.88
