0      98.7788
1      69.1958
2      68.5076
3      69.7219
4      0.00717895
5      0
6      98.7788
7      99.9046
8      99.517
9      89.2359
10      0
11      70.5602
12      56.6206
13      0
14      68.5076
15      90.8524
16      0
17      0
18      70.5602
19      89.2359
20      70.5602
21      97.547
22      99.147
23      65.6773
24      97.682
25      0
26      99.9022
27      99.901
28      90.8524
29      0
30      99.9838
31      97.682
32      89.2359
33      99.517
34      26.2945
35      56.431
36      12.0254
37      0
38      0
39      0.0188194
40      99.7929
41      99.7929
42      89.2359
43      89.6796
44      64.9543
45      63.0368
46      89.2359
47      0
48      49.5007
49      60.6282
50      78.6229
51      0
52      99.901
53      0.0188194
54      97.547
55      98.7788
56      68.5076
57      99.901
58      0
59      0
60      99.6899
61      97.5194
62      0
63      0.0188194
64      54.011
65      0
66      97.547
67      0
68      0
69      0
70      0
71      0
72      34.9051
73      74.74
74      90.8524
75      0
76      0
77      34.9051
78      0
79      82.7113
80      99.6899
81      76.9197
82      97.682
83      65.6773
84      99.7929
85      97.6877
86      82.7113
87      0.0188194
88      90.0467
89      96.0161
90      97.547
91      99.6899
92      78.6229
93      21.5996
94      98.7788
95      99.1578
96      0
97      0
98      56.4937
99      99.9046
TotalProfit   3818.73
