0      0
1      100
2      71
3      0
4      54
5      95
6      0
7      0
8      92
9      0
10      93
11      0
12      62
13      100
14      89
15      61
16      100
17      100
18      0
19      0
20      100
21      0
22      100
23      70
24      60
25      85
26      76
27      100
28      64
29      65
30      85
31      0
32      64
33      85
34      0
35      100
36      54
37      78
38      0
39      82
40      0
41      0
42      59
43      100
44      67
45      98
46      0
47      0
48      100
49      100
50      100
51      99
52      0
53      100
54      81
55      100
56      0
57      99
58      67
59      100
60      72
61      0
62      0
63      76
64      0
65      100
66      85
67      0
68      100
69      99
70      100
71      100
72      0
73      54
74      72
75      0
76      0
77      100
78      0
79      0
80      76
81      0
82      74
83      100
84      0
85      0
86      0
87      100
88      82
89      85
90      76
91      100
92      67
93      74
94      0
95      100
96      0
97      100
98      0
99      81
TotalProfit   3340.72
