0      100
1      74
2      74
3      72
4      0
5      0
6      100
7      100
8      100
9      90
10      0
11      67
12      50
13      1
14      67
15      91
16      0
17      0
18      0
19      86
20      74
21      98
22      100
23      66
24      100
25      100
26      100
27      100
28      91
29      0
30      100
31      100
32      86
33      100
34      61
35      56
36      0
37      0
38      0
39      0
40      100
41      100
42      88
43      99
44      59
45      62
46      86
47      0
48      58
49      62
50      74
51      100
52      100
53      0
54      100
55      100
56      67
57      100
58      0
59      0
60      100
61      96
62      0
63      0
64      62
65      0
66      91
67      0
68      0
69      0
70      0
71      0
72      0
73      79
74      90
75      0
76      0
77      39
78      0
79      85
80      100
81      75
82      96
83      62
84      100
85      100
86      81
87      0
88      89
89      94
90      98
91      100
92      79
93      0
94      100
95      100
96      0
97      0
98      51
99      100
TotalProfit   3852.89
