0      100
1      0
2      0
3      0
4      100
5      65
6      62
7      63
8      100
9      100
10      61
11      99
12      70
13      69
14      0
15      100
16      0
17      68
18      97
19      100
20      100
21      100
22      70
23      14
24      0
25      100
26      91
27      100
28      0
29      100
30      0
31      99
32      100
33      0
34      100
35      0
36      100
37      100
38      96
39      58
40      91
41      92
42      87
43      0
44      63
45      0
46      70
47      75
48      87
49      0
50      0
51      0
52      0
53      0
54      81
55      0
56      0
57      100
58      100
59      0
60      0
61      77
62      0
63      100
64      0
65      0
66      96
67      54
68      100
69      100
70      73
71      62
72      0
73      0
74      100
75      96
76      0
77      80
78      0
79      87
80      0
81      81
82      54
83      100
84      100
85      92
86      100
87      100
88      91
89      81
90      70
91      0
92      73
93      96
94      1
95      97
96      68
97      100
98      100
99      69
TotalProfit   3811.53
