0      0
1      71
2      53
3      100
4      100
5      76
6      100
7      96
8      0
9      84
10      100
11      71
12      0
13      100
14      53
15      0
16      85
17      100
18      0
19      58
20      0
21      70
22      100
23      94
24      0
25      97
26      0
27      70
28      100
29      98
30      0
31      93
32      0
33      0
34      82
35      75
36      100
37      100
38      100
39      97
40      67
41      0
42      0
43      85
44      0
45      0
46      0
47      0
48      0
49      67
50      80
51      0
52      100
53      100
54      0
55      0
56      0
57      0
58      71
59      97
60      0
61      0
62      0
63      0
64      76
65      82
66      100
67      0
68      0
69      100
70      77
71      83
72      100
73      0
74      100
75      87
76      93
77      0
78      85
79      77
80      96
81      0
82      0
83      85
84      64
85      96
86      75
87      100
88      100
89      67
90      0
91      0
92      95
93      88
94      82
95      98
96      100
97      0
98      0
99      0
TotalProfit   3245.52
