0      0
1      0
2      76
3      70
4      87
5      0
6      0
7      98
8      99
9      87
10      0
11      87
12      0
13      0
14      0
15      0
16      100
17      100
18      64
19      55
20      83
21      0
22      0
23      100
24      0
25      72
26      0
27      0
28      0
29      100
30      0
31      100
32      100
33      99
34      100
35      67
36      0
37      100
38      99
39      70
40      55
41      100
42      100
43      84
44      100
45      92
46      99
47      93
48      0
49      97
50      0
51      56
52      0
53      100
54      100
55      100
56      0
57      89
58      0
59      88
60      70
61      70
62      100
63      0
64      0
65      72
66      55
67      72
68      0
69      64
70      70
71      100
72      0
73      100
74      100
75      100
76      96
77      93
78      0
79      96
80      0
81      100
82      0
83      67
84      100
85      64
86      0
87      87
88      100
89      0
90      87
91      0
92      72
93      60
94      0
95      99
96      100
97      100
98      89
99      0
TotalProfit   3688.93
