0      96
1      55
2      100
3      96
4      78
5      54
6      96
7      56
8      0
9      51
10      56
11      98
12      90
13      78
14      0
15      0
16      0
17      0
18      100
19      99
20      0
21      89
22      95
23      61
24      82
25      100
26      0
27      86
28      100
29      100
30      59
31      96
32      76
33      100
34      95
35      100
36      0
37      0
38      59
39      83
40      59
41      0
42      52
43      0
44      0
45      92
46      0
47      0
48      0
49      77
50      100
51      0
52      0
53      100
54      74
55      64
56      74
57      100
58      0
59      90
60      76
61      92
62      46
63      0
64      77
65      63
66      100
67      100
68      0
69      100
70      62
71      94
72      69
73      0
74      0
75      83
76      0
77      0
78      0
79      0
80      62
81      100
82      100
83      100
84      0
85      0
86      94
87      100
88      96
89      63
90      77
91      0
92      0
93      100
94      77
95      100
96      74
97      72
98      0
99      0
TotalProfit   3707.32
