0      0
1      81
2      78
3      100
4      0
5      100
6      70
7      0
8      74
9      79
10      0
11      86
12      0
13      99
14      0
15      67
16      94
17      0
18      0
19      100
20      69
21      0
22      99
23      100
24      96
25      0
26      88
27      0
28      41
29      0
30      88
31      100
32      97
33      100
34      0
35      0
36      0
37      100
38      100
39      80
40      75
41      86
42      75
43      81
44      100
45      97
46      100
47      100
48      97
49      100
50      0
51      75
52      96
53      99
54      0
55      100
56      0
57      100
58      100
59      0
60      98
61      59
62      0
63      74
64      100
65      100
66      100
67      0
68      100
69      76
70      100
71      98
72      0
73      80
74      0
75      100
76      0
77      92
78      0
79      94
80      0
81      81
82      0
83      0
84      97
85      100
86      55
87      0
88      0
89      59
90      100
91      0
92      100
93      0
94      57
95      0
96      100
97      81
98      100
99      0
TotalProfit   3329
