0      0
1      100
2      0
3      100
4      97
5      0
6      100
7      52
8      0
9      98
10      0
11      48
12      100
13      1
14      100
15      100
16      82
17      0
18      100
19      0
20      88
21      48
22      94
23      0
24      77
25      74
26      100
27      0
28      65
29      0
30      97
31      0
32      52
33      100
34      100
35      99
36      0
37      79
38      100
39      100
40      100
41      100
42      0
43      88
44      100
45      100
46      52
47      0
48      100
49      66
50      55
51      0
52      0
53      65
54      0
55      0
56      76
57      100
58      48
59      52
60      0
61      0
62      0
63      0
64      0
65      0
66      0
67      55
68      55
69      94
70      90
71      82
72      100
73      72
74      72
75      0
76      94
77      100
78      72
79      100
80      0
81      0
82      100
83      100
84      19
85      100
86      72
87      48
88      100
89      99
90      100
91      0
92      100
93      0
94      56
95      100
96      100
97      100
98      80
99      61
TotalProfit   3623.19
