0      0
1      68
2      78
3      0
4      0
5      100
6      63
7      94
8      0
9      0
10      0
11      100
12      78
13      0
14      94
15      95
16      96
17      61
18      100
19      100
20      0
21      54
22      0
23      0
24      63
25      100
26      85
27      0
28      63
29      0
30      100
31      68
32      40
33      88
34      68
35      0
36      100
37      0
38      100
39      0
40      58
41      70
42      100
43      0
44      100
45      0
46      0
47      100
48      0
49      100
50      89
51      100
52      58
53      0
54      74
55      91
56      100
57      100
58      100
59      100
60      100
61      0
62      0
63      0
64      0
65      74
66      100
67      0
68      0
69      100
70      100
71      0
72      100
73      83
74      96
75      83
76      0
77      0
78      70
79      0
80      0
81      100
82      89
83      68
84      100
85      91
86      94
87      100
88      54
89      49
90      100
91      100
92      100
93      74
94      96
95      100
96      88
97      100
98      80
99      94
TotalProfit   3828.18
