0      0
1      75
2      36
3      0
4      0
5      100
6      0
7      0
8      0
9      100
10      94
11      100
12      85
13      0
14      44
15      80
16      80
17      0
18      80
19      0
20      67
21      0
22      100
23      100
24      100
25      81
26      85
27      75
28      100
29      89
30      0
31      100
32      73
33      0
34      67
35      100
36      100
37      67
38      64
39      0
40      0
41      92
42      0
43      90
44      67
45      100
46      99
47      100
48      92
49      85
50      100
51      0
52      53
53      67
54      100
55      92
56      100
57      67
58      100
59      86
60      100
61      100
62      100
63      55
64      0
65      81
66      87
67      100
68      0
69      0
70      100
71      42
72      0
73      0
74      67
75      99
76      100
77      87
78      100
79      0
80      100
81      94
82      100
83      96
84      0
85      0
86      90
87      100
88      0
89      0
90      100
91      100
92      0
93      0
94      80
95      85
96      100
97      0
98      59
99      100
TotalProfit   3243.04
