0      100
1      0
2      55
3      93
4      100
5      100
6      68
7      0
8      89
9      73
10      87
11      70
12      76
13      0
14      87
15      92
16      99
17      0
18      88
19      0
20      89
21      100
22      0
23      83
24      0
25      100
26      100
27      94
28      100
29      92
30      100
31      55
32      0
33      0
34      69
35      83
36      0
37      0
38      51
39      100
40      0
41      100
42      100
43      72
44      0
45      65
46      0
47      99
48      51
49      65
50      0
51      0
52      100
53      100
54      65
55      100
56      84
57      98
58      0
59      65
60      0
61      0
62      51
63      90
64      0
65      0
66      50
67      78
68      100
69      47
70      0
71      94
72      87
73      84
74      48
75      73
76      0
77      100
78      98
79      0
80      90
81      65
82      0
83      83
84      0
85      31
86      0
87      100
88      87
89      100
90      100
91      0
92      100
93      100
94      100
95      100
96      0
97      83
98      51
99      63
TotalProfit   3409.98
