0      48
1      0
2      87
3      68
4      100
5      100
6      93
7      100
8      100
9      0
10      0
11      0
12      93
13      0
14      100
15      100
16      0
17      0
18      100
19      0
20      100
21      75
22      95
23      100
24      75
25      100
26      0
27      81
28      0
29      0
30      100
31      90
32      100
33      69
34      0
35      0
36      60
37      84
38      99
39      100
40      100
41      0
42      0
43      100
44      0
45      0
46      0
47      55
48      77
49      100
50      100
51      61
52      79
53      0
54      100
55      0
56      84
57      90
58      0
59      0
60      84
61      51
62      0
63      77
64      95
65      0
66      0
67      0
68      100
69      0
70      0
71      72
72      72
73      67
74      81
75      88
76      53
77      100
78      100
79      100
80      0
81      0
82      0
83      99
84      0
85      0
86      0
87      100
88      100
89      100
90      95
91      93
92      99
93      81
94      50
95      81
96      68
97      55
98      0
99      0
TotalProfit   2786.75
