0      80
1      100
2      76
3      100
4      0
5      0
6      100
7      100
8      66
9      100
10      100
11      0
12      100
13      89
14      4
15      63
16      49
17      0
18      0
19      63
20      0
21      80
22      0
23      58
24      0
25      100
26      80
27      81
28      82
29      71
30      100
31      60
32      100
33      100
34      71
35      60
36      0
37      100
38      71
39      100
40      100
41      100
42      100
43      81
44      57
45      100
46      0
47      80
48      100
49      100
50      100
51      100
52      66
53      100
54      0
55      52
56      100
57      66
58      0
59      82
60      90
61      71
62      100
63      0
64      90
65      84
66      88
67      0
68      100
69      0
70      100
71      60
72      80
73      100
74      100
75      0
76      62
77      60
78      0
79      0
80      8
81      69
82      0
83      0
84      90
85      0
86      100
87      100
88      100
89      0
90      100
91      0
92      100
93      0
94      100
95      63
96      96
97      0
98      0
99      73
TotalProfit   3439.96
