0      92
1      100
2      0
3      87
4      100
5      0
6      0
7      0
8      0
9      78
10      0
11      100
12      0
13      100
14      81
15      0
16      100
17      100
18      100
19      95
20      0
21      66
22      0
23      0
24      74
25      0
26      0
27      0
28      90
29      0
30      61
31      92
32      90
33      0
34      37
35      92
36      13
37      0
38      13
39      78
40      100
41      100
42      62
43      100
44      63
45      85
46      90
47      51
48      62
49      100
50      75
51      95
52      74
53      100
54      88
55      0
56      81
57      0
58      0
59      100
60      52
61      62
62      100
63      0
64      0
65      0
66      0
67      0
68      75
69      85
70      92
71      0
72      52
73      92
74      0
75      0
76      92
77      100
78      0
79      100
80      96
81      74
82      51
83      0
84      65
85      74
86      96
87      100
88      58
89      100
90      100
91      79
92      0
93      0
94      100
95      100
96      100
97      100
98      100
99      0
TotalProfit   3218.57
