0      0
1      0
2      100
3      100
4      100
5      0
6      0
7      82
8      79
9      0
10      96
11      0
12      82
13      0
14      0
15      63
16      76
17      0
18      100
19      100
20      100
21      100
22      96
23      0
24      59
25      71
26      0
27      98
28      100
29      0
30      100
31      100
32      0
33      56
34      53
35      49
36      100
37      96
38      76
39      100
40      0
41      100
42      71
43      68
44      44
45      100
46      100
47      0
48      67
49      63
50      0
51      0
52      63
53      71
54      89
55      72
56      0
57      77
58      0
59      0
60      100
61      100
62      100
63      0
64      0
65      71
66      0
67      0
68      0
69      53
70      47
71      0
72      47
73      0
74      90
75      96
76      100
77      0
78      100
79      89
80      65
81      100
82      100
83      96
84      0
85      96
86      85
87      71
88      100
89      100
90      40
91      96
92      96
93      100
94      82
95      63
96      0
97      71
98      0
99      97
TotalProfit   3349.31
