0      0
1      48
2      100
3      0
4      88
5      0
6      98
7      98
8      94
9      0
10      100
11      100
12      96
13      72
14      0
15      100
16      0
17      0
18      100
19      0
20      0
21      81
22      81
23      57
24      94
25      0
26      100
27      0
28      100
29      73
30      100
31      100
32      0
33      100
34      88
35      51
36      97
37      73
38      90
39      100
40      81
41      100
42      96
43      94
44      81
45      0
46      100
47      0
48      24
49      100
50      96
51      100
52      0
53      0
54      100
55      100
56      81
57      59
58      48
59      71
60      100
61      81
62      100
63      94
64      0
65      81
66      0
67      1
68      6
69      88
70      85
71      93
72      0
73      88
74      0
75      87
76      85
77      0
78      64
79      0
80      0
81      0
82      97
83      96
84      85
85      85
86      100
87      100
88      72
89      94
90      81
91      73
92      0
93      81
94      100
95      68
96      0
97      73
98      72
99      100
TotalProfit   3621.41
