0      100
1      51
2      93
3      0
4      0
5      100
6      0
7      100
8      100
9      81
10      0
11      77
12      57
13      100
14      0
15      100
16      100
17      81
18      81
19      81
20      59
21      0
22      68
23      59
24      46
25      85
26      93
27      100
28      93
29      0
30      0
31      55
32      100
33      0
34      100
35      0
36      0
37      100
38      0
39      57
40      0
41      100
42      98
43      60
44      76
45      66
46      98
47      81
48      100
49      0
50      57
51      100
52      100
53      76
54      0
55      0
56      100
57      100
58      0
59      45
60      0
61      76
62      81
63      100
64      100
65      0
66      45
67      100
68      66
69      0
70      55
71      100
72      0
73      79
74      76
75      91
76      0
77      0
78      100
79      0
80      0
81      0
82      0
83      93
84      100
85      66
86      100
87      0
88      100
89      0
90      0
91      100
92      100
93      0
94      100
95      0
96      68
97      0
98      62
99      100
TotalProfit   3152.49
