0      100
1      100
2      100
3      85
4      100
5      0
6      100
7      0
8      85
9      100
10      66
11      7
12      0
13      79
14      80
15      76
16      100
17      100
18      0
19      76
20      0
21      0
22      23
23      0
24      80
25      74
26      0
27      0
28      0
29      100
30      100
31      100
32      56
33      80
34      54
35      74
36      74
37      87
38      74
39      0
40      82
41      0
42      69
43      0
44      0
45      0
46      0
47      100
48      100
49      74
50      100
51      54
52      100
53      100
54      100
55      100
56      74
57      54
58      0
59      0
60      100
61      90
62      0
63      56
64      85
65      0
66      0
67      100
68      0
69      0
70      99
71      0
72      0
73      89
74      56
75      93
76      0
77      0
78      0
79      60
80      97
81      80
82      100
83      0
84      100
85      85
86      100
87      97
88      97
89      60
90      100
91      69
92      80
93      54
94      87
95      100
96      100
97      0
98      100
99      0
TotalProfit   2945.69
