0      0
1      100
2      0
3      0
4      92
5      60
6      0
7      62
8      0
9      0
10      0
11      89
12      100
13      1
14      67
15      55
16      99
17      56
18      0
19      90
20      77
21      67
22      61
23      73
24      0
25      0
26      77
27      97
28      100
29      94
30      100
31      91
32      0
33      69
34      77
35      100
36      100
37      88
38      92
39      100
40      100
41      67
42      75
43      0
44      100
45      100
46      100
47      100
48      72
49      87
50      0
51      0
52      0
53      0
54      67
55      100
56      100
57      100
58      100
59      90
60      0
61      0
62      71
63      54
64      77
65      100
66      0
67      57
68      59
69      97
70      100
71      56
72      77
73      100
74      0
75      100
76      0
77      0
78      90
79      0
80      100
81      90
82      0
83      0
84      0
85      99
86      54
87      84
88      100
89      100
90      0
91      100
92      59
93      100
94      46
95      73
96      100
97      0
98      0
99      61
TotalProfit   3226.78
