0      100
1      100
2      0
3      57
4      100
5      100
6      84
7      57
8      72
9      68
10      84
11      0
12      0
13      93
14      0
15      0
16      92
17      0
18      84
19      57
20      100
21      85
22      0
23      100
24      0
25      100
26      0
27      0
28      54
29      64
30      0
31      77
32      84
33      100
34      84
35      0
36      0
37      0
38      99
39      93
40      68
41      77
42      0
43      93
44      68
45      84
46      0
47      88
48      57
49      93
50      0
51      0
52      99
53      0
54      88
55      93
56      84
57      67
58      88
59      0
60      0
61      0
62      0
63      0
64      99
65      0
66      0
67      93
68      100
69      93
70      100
71      100
72      84
73      77
74      45
75      65
76      57
77      99
78      0
79      84
80      72
81      52
82      0
83      79
84      0
85      86
86      68
87      67
88      0
89      5
90      88
91      0
92      100
93      84
94      0
95      64
96      84
97      0
98      77
99      0
TotalProfit   3779.33
