0      77
1      83
2      0
3      56
4      93
5      100
6      100
7      0
8      0
9      100
10      0
11      0
12      100
13      77
14      0
15      0
16      78
17      65
18      0
19      65
20      0
21      75
22      0
23      48
24      95
25      0
26      87
27      87
28      0
29      0
30      78
31      58
32      100
33      0
34      77
35      0
36      0
37      94
38      0
39      0
40      91
41      100
42      0
43      100
44      99
45      0
46      100
47      95
48      0
49      0
50      0
51      0
52      0
53      0
54      100
55      65
56      4
57      0
58      81
59      100
60      63
61      91
62      71
63      100
64      0
65      78
66      91
67      100
68      0
69      0
70      83
71      100
72      0
73      90
74      95
75      54
76      80
77      0
78      0
79      100
80      0
81      0
82      86
83      78
84      77
85      86
86      0
87      55
88      80
89      0
90      54
91      90
92      0
93      79
94      90
95      93
96      83
97      0
98      0
99      0
TotalProfit   3021.1
