0      98
1      0
2      100
3      71
4      0
5      80
6      62
7      66
8      84
9      0
10      89
11      71
12      0
13      91
14      87
15      89
16      71
17      100
18      100
19      0
20      0
21      82
22      88
23      0
24      0
25      0
26      0
27      0
28      0
29      100
30      88
31      75
32      61
33      100
34      84
35      0
36      0
37      0
38      0
39      91
40      78
41      57
42      96
43      0
44      0
45      0
46      0
47      71
48      98
49      93
50      0
51      100
52      0
53      0
54      75
55      0
56      71
57      47
58      89
59      0
60      0
61      91
62      0
63      0
64      0
65      0
66      0
67      100
68      59
69      80
70      77
71      56
72      0
73      100
74      0
75      84
76      51
77      0
78      96
79      98
80      87
81      0
82      86
83      0
84      91
85      0
86      100
87      0
88      99
89      87
90      69
91      35
92      100
93      0
94      100
95      100
96      82
97      0
98      100
99      76
TotalProfit   3320.78
