0      97
1      0
2      96
3      75
4      0
5      84
6      0
7      80
8      0
9      83
10      100
11      0
12      100
13      0
14      76
15      68
16      84
17      76
18      59
19      0
20      59
21      90
22      75
23      0
24      0
25      0
26      0
27      68
28      100
29      63
30      90
31      0
32      94
33      100
34      0
35      0
36      100
37      0
38      75
39      66
40      0
41      0
42      100
43      87
44      87
45      95
46      0
47      75
48      86
49      68
50      0
51      0
52      100
53      0
54      0
55      100
56      0
57      100
58      100
59      0
60      76
61      0
62      0
63      0
64      0
65      74
66      100
67      76
68      77
69      0
70      76
71      97
72      0
73      0
74      0
75      97
76      80
77      98
78      0
79      87
80      60
81      0
82      0
83      86
84      0
85      0
86      10
87      69
88      0
89      0
90      0
91      100
92      72
93      73
94      84
95      0
96      62
97      100
98      0
99      0
TotalProfit   3774.8
