0      80
1      0
2      92
3      100
4      88
5      78
6      100
7      86
8      0
9      100
10      75
11      0
12      85
13      65
14      59
15      99
16      0
17      0
18      76
19      100
20      0
21      0
22      0
23      65
24      0
25      0
26      100
27      23
28      100
29      70
30      100
31      0
32      89
33      100
34      70
35      100
36      100
37      82
38      0
39      0
40      78
41      0
42      82
43      0
44      98
45      0
46      99
47      61
48      100
49      0
50      76
51      0
52      0
53      100
54      100
55      0
56      59
57      98
58      99
59      84
60      55
61      0
62      0
63      0
64      0
65      100
66      86
67      0
68      83
69      66
70      86
71      100
72      100
73      88
74      0
75      0
76      100
77      0
78      73
79      0
80      0
81      98
82      0
83      0
84      0
85      68
86      69
87      0
88      0
89      0
90      99
91      100
92      100
93      70
94      100
95      0
96      0
97      0
98      82
99      100
TotalProfit   3567.89
