0      95
1      0
2      0
3      0
4      99
5      0
6      97
7      0
8      100
9      87
10      0
11      0
12      77
13      87
14      0
15      100
16      100
17      72
18      66
19      0
20      93
21      91
22      80
23      0
24      100
25      64
26      57
27      87
28      0
29      0
30      100
31      94
32      72
33      87
34      100
35      0
36      57
37      0
38      97
39      75
40      0
41      0
42      62
43      0
44      0
45      0
46      79
47      64
48      98
49      0
50      73
51      0
52      95
53      98
54      0
55      0
56      66
57      84
58      70
59      97
60      0
61      64
62      66
63      100
64      0
65      100
66      0
67      0
68      100
69      0
70      97
71      69
72      100
73      0
74      0
75      0
76      0
77      71
78      74
79      100
80      100
81      0
82      0
83      73
84      100
85      0
86      87
87      0
88      0
89      0
90      77
91      98
92      0
93      0
94      0
95      98
96      82
97      0
98      0
99      62
TotalProfit   3410.4
