0      0
1      0
2      0
3      95
4      0
5      57
6      78
7      0
8      0
9      100
10      0
11      50
12      0
13      0
14      51
15      54
16      0
17      78
18      0
19      0
20      95
21      80
22      86
23      0
24      50
25      0
26      0
27      50
28      100
29      83
30      62
31      0
32      61
33      95
34      78
35      99
36      61
37      0
38      100
39      0
40      63
41      87
42      93
43      0
44      0
45      100
46      79
47      96
48      51
49      51
50      84
51      100
52      100
53      100
54      0
55      99
56      65
57      100
58      0
59      65
60      50
61      0
62      0
63      100
64      89
65      68
66      0
67      0
68      0
69      50
70      68
71      0
72      70
73      72
74      78
75      68
76      0
77      0
78      92
79      0
80      100
81      100
82      65
83      0
84      100
85      95
86      0
87      89
88      0
89      100
90      0
91      100
92      0
93      0
94      0
95      0
96      90
97      54
98      100
99      70
TotalProfit   3390.03
