0      0
1      0
2      100
3      82
4      59
5      0
6      0
7      0
8      62
9      2
10      0
11      100
12      0
13      20
14      100
15      100
16      86
17      0
18      100
19      86
20      0
21      68
22      100
23      0
24      0
25      0
26      62
27      53
28      51
29      80
30      100
31      97
32      0
33      92
34      69
35      66
36      100
37      0
38      0
39      0
40      100
41      94
42      64
43      100
44      0
45      86
46      68
47      64
48      73
49      100
50      0
51      87
52      0
53      100
54      0
55      100
56      0
57      65
58      98
59      0
60      0
61      89
62      100
63      75
64      92
65      0
66      80
67      100
68      0
69      64
70      92
71      50
72      0
73      0
74      100
75      0
76      64
77      0
78      0
79      0
80      0
81      82
82      0
83      54
84      69
85      100
86      0
87      0
88      0
89      0
90      0
91      0
92      54
93      0
94      100
95      94
96      97
97      98
98      100
99      97
TotalProfit   3405.74
