0      73
1      0
2      0
3      0
4      100
5      100
6      98
7      67
8      49
9      0
10      91
11      100
12      0
13      93
14      60
15      74
16      0
17      94
18      0
19      85
20      94
21      0
22      63
23      100
24      60
25      90
26      75
27      84
28      81
29      0
30      0
31      56
32      0
33      60
34      65
35      0
36      0
37      69
38      0
39      69
40      0
41      100
42      0
43      100
44      100
45      2
46      0
47      71
48      100
49      82
50      0
51      0
52      0
53      73
54      100
55      0
56      95
57      0
58      100
59      100
60      60
61      93
62      100
63      76
64      66
65      100
66      0
67      100
68      54
69      100
70      89
71      87
72      0
73      0
74      0
75      0
76      100
77      100
78      0
79      0
80      93
81      67
82      0
83      92
84      98
85      100
86      0
87      72
88      54
89      0
90      75
91      0
92      100
93      0
94      96
95      0
96      0
97      0
98      75
99      73
TotalProfit   3129.93
