0      65
1      90
2      0
3      91
4      81
5      0
6      0
7      52
8      0
9      100
10      100
11      100
12      77
13      0
14      94
15      100
16      84
17      77
18      0
19      0
20      0
21      0
22      96
23      100
24      100
25      0
26      0
27      96
28      77
29      0
30      90
31      0
32      0
33      0
34      100
35      0
36      0
37      0
38      58
39      78
40      100
41      100
42      0
43      80
44      77
45      90
46      0
47      100
48      100
49      0
50      78
51      77
52      0
53      90
54      65
55      0
56      100
57      100
58      0
59      89
60      100
61      89
62      0
63      67
64      0
65      0
66      0
67      0
68      0
69      89
70      100
71      100
72      0
73      0
74      100
75      0
76      100
77      89
78      90
79      0
80      100
81      0
82      0
83      61
84      0
85      61
86      86
87      70
88      93
89      0
90      0
91      0
92      88
93      100
94      0
95      100
96      0
97      44
98      100
99      100
TotalProfit   3267.53
