0      97
1      100
2      84
3      0
4      61
5      61
6      84
7      81
8      0
9      0
10      100
11      84
12      61
13      94
14      0
15      86
16      0
17      82
18      0
19      0
20      100
21      44
22      100
23      0
24      0
25      0
26      83
27      100
28      100
29      0
30      0
31      91
32      0
33      100
34      0
35      83
36      0
37      91
38      100
39      0
40      72
41      0
42      61
43      82
44      100
45      100
46      84
47      74
48      72
49      0
50      100
51      0
52      100
53      68
54      0
55      58
56      72
57      66
58      0
59      95
60      0
61      0
62      84
63      100
64      100
65      0
66      0
67      78
68      0
69      82
70      0
71      0
72      72
73      74
74      100
75      0
76      0
77      0
78      61
79      0
80      0
81      73
82      0
83      100
84      73
85      100
86      90
87      98
88      0
89      90
90      0
91      100
92      0
93      83
94      0
95      0
96      100
97      100
98      71
99      0
TotalProfit   3609.65
