0      57
1      81
2      100
3      0
4      0
5      100
6      83
7      100
8      0
9      0
10      100
11      81
12      100
13      0
14      49
15      96
16      0
17      0
18      0
19      99
20      0
21      0
22      0
23      0
24      0
25      0
26      0
27      54
28      0
29      100
30      79
31      61
32      0
33      0
34      100
35      0
36      0
37      88
38      0
39      76
40      100
41      0
42      98
43      74
44      0
45      58
46      99
47      0
48      72
49      0
50      100
51      66
52      92
53      0
54      0
55      0
56      100
57      0
58      54
59      100
60      0
61      99
62      88
63      0
64      61
65      0
66      51
67      0
68      46
69      100
70      80
71      100
72      74
73      99
74      80
75      80
76      0
77      47
78      99
79      99
80      92
81      0
82      57
83      67
84      63
85      100
86      0
87      100
88      84
89      100
90      0
91      100
92      99
93      99
94      98
95      50
96      69
97      100
98      0
99      66
TotalProfit   3401.61
