0      0
1      0
2      0
3      0
4      69
5      100
6      79
7      0
8      0
9      0
10      84
11      80
12      75
13      100
14      32
15      86
16      100
17      100
18      0
19      79
20      87
21      89
22      59
23      100
24      100
25      79
26      87
27      89
28      0
29      87
30      99
31      0
32      100
33      0
34      62
35      100
36      56
37      63
38      79
39      100
40      100
41      0
42      0
43      75
44      0
45      0
46      100
47      58
48      0
49      89
50      0
51      90
52      100
53      0
54      58
55      58
56      0
57      0
58      56
59      62
60      87
61      0
62      2
63      0
64      0
65      87
66      0
67      0
68      63
69      0
70      100
71      100
72      56
73      89
74      100
75      0
76      100
77      46
78      80
79      100
80      0
81      0
82      0
83      0
84      68
85      100
86      0
87      59
88      0
89      100
90      0
91      0
92      0
93      89
94      93
95      75
96      96
97      0
98      0
99      79
TotalProfit   3546.67
