0      55
1      100
2      0
3      93
4      0
5      0
6      100
7      0
8      0
9      100
10      72
11      93
12      100
13      0
14      0
15      91
16      45
17      0
18      0
19      100
20      100
21      100
22      100
23      68
24      100
25      55
26      100
27      0
28      100
29      100
30      0
31      100
32      0
33      0
34      0
35      69
36      0
37      0
38      0
39      97
40      100
41      0
42      100
43      58
44      49
45      100
46      100
47      93
48      88
49      0
50      100
51      56
52      0
53      0
54      100
55      0
56      76
57      85
58      0
59      90
60      100
61      100
62      0
63      88
64      0
65      0
66      0
67      0
68      100
69      63
70      80
71      0
72      100
73      63
74      0
75      0
76      60
77      91
78      2
79      100
80      0
81      0
82      0
83      58
84      91
85      0
86      78
87      0
88      100
89      91
90      0
91      0
92      0
93      0
94      61
95      69
96      66
97      0
98      0
99      100
TotalProfit   3329.68
