0      72
1      0
2      99
3      57
4      81
5      97
6      99
7      100
8      0
9      0
10      86
11      0
12      89
13      0
14      100
15      81
16      97
17      0
18      0
19      0
20      0
21      0
22      76
23      100
24      0
25      0
26      95
27      100
28      100
29      0
30      70
31      55
32      71
33      100
34      0
35      53
36      63
37      0
38      0
39      0
40      100
41      100
42      0
43      87
44      100
45      71
46      0
47      0
48      65
49      54
50      100
51      87
52      0
53      100
54      0
55      63
56      0
57      0
58      71
59      57
60      0
61      95
62      100
63      0
64      64
65      0
66      99
67      89
68      64
69      0
70      73
71      0
72      0
73      100
74      99
75      100
76      0
77      0
78      89
79      85
80      100
81      99
82      0
83      0
84      0
85      92
86      0
87      79
88      72
89      100
90      79
91      0
92      71
93      0
94      0
95      0
96      100
97      0
98      71
99      95
TotalProfit   3532
