0      0
1      0
2      0
3      100
4      53
5      0
6      99
7      100
8      74
9      77
10      55
11      0
12      92
13      0
14      98
15      100
16      0
17      79
18      78
19      0
20      87
21      100
22      0
23      0
24      0
25      100
26      100
27      0
28      93
29      0
30      0
31      0
32      53
33      0
34      100
35      0
36      71
37      0
38      0
39      65
40      100
41      100
42      0
43      74
44      78
45      100
46      0
47      92
48      74
49      77
50      92
51      100
52      0
53      0
54      71
55      100
56      0
57      0
58      100
59      87
60      0
61      68
62      100
63      45
64      98
65      53
66      89
67      0
68      100
69      0
70      0
71      0
72      0
73      0
74      100
75      57
76      0
77      100
78      98
79      73
80      53
81      53
82      0
83      53
84      0
85      93
86      100
87      0
88      69
89      99
90      100
91      0
92      83
93      0
94      53
95      0
96      0
97      0
98      55
99      81
TotalProfit   3729.65
