0      0
1      100
2      100
3      0
4      45
5      75
6      96
7      97
8      84
9      51
10      0
11      87
12      0
13      0
14      93
15      67
16      100
17      0
18      100
19      100
20      70
21      100
22      91
23      0
24      59
25      0
26      0
27      93
28      80
29      0
30      0
31      21
32      0
33      98
34      0
35      100
36      0
37      69
38      100
39      0
40      0
41      98
42      59
43      0
44      0
45      70
46      0
47      52
48      0
49      69
50      99
51      59
52      0
53      72
54      84
55      84
56      86
57      0
58      100
59      0
60      0
61      89
62      0
63      0
64      0
65      0
66      68
67      69
68      68
69      0
70      0
71      0
72      100
73      0
74      98
75      94
76      52
77      100
78      59
79      0
80      100
81      0
82      51
83      75
84      99
85      93
86      100
87      88
88      75
89      100
90      0
91      100
92      0
93      89
94      0
95      100
96      0
97      93
98      73
99      50
TotalProfit   3709.05
