0      0
1      97
2      100
3      78
4      100
5      0
6      0
7      98
8      0
9      84
10      0
11      0
12      100
13      100
14      0
15      98
16      88
17      0
18      0
19      60
20      78
21      100
22      97
23      99
24      68
25      0
26      64
27      97
28      0
29      74
30      1
31      100
32      0
33      62
34      76
35      0
36      97
37      0
38      0
39      100
40      76
41      100
42      29
43      100
44      100
45      80
46      88
47      100
48      58
49      0
50      72
51      0
52      0
53      0
54      91
55      100
56      50
57      0
58      0
59      0
60      100
61      99
62      77
63      0
64      0
65      70
66      100
67      68
68      82
69      0
70      100
71      93
72      100
73      0
74      70
75      0
76      100
77      52
78      0
79      86
80      0
81      0
82      0
83      0
84      0
85      86
86      0
87      0
88      0
89      0
90      62
91      0
92      86
93      0
94      100
95      94
96      100
97      100
98      0
99      90
TotalProfit   3061.65
