0      60
1      99
2      0
3      0
4      57
5      92
6      0
7      0
8      88
9      0
10      2
11      73
12      100
13      0
14      100
15      96
16      100
17      63
18      100
19      0
20      0
21      66
22      0
23      100
24      100
25      0
26      80
27      0
28      66
29      0
30      100
31      65
32      0
33      75
34      0
35      96
36      0
37      100
38      0
39      0
40      95
41      56
42      0
43      75
44      0
45      100
46      54
47      100
48      0
49      0
50      98
51      73
52      0
53      77
54      97
55      100
56      98
57      95
58      0
59      69
60      98
61      0
62      83
63      0
64      100
65      0
66      75
67      0
68      0
69      0
70      0
71      80
72      0
73      100
74      0
75      0
76      95
77      83
78      84
79      75
80      0
81      75
82      100
83      100
84      100
85      1
86      100
87      54
88      99
89      0
90      100
91      75
92      0
93      0
94      72
95      0
96      83
97      0
98      0
99      0
TotalProfit   2919.85
