0      82
1      79
2      66
3      0
4      93
5      76
6      100
7      0
8      0
9      86
10      85
11      0
12      49
13      94
14      64
15      0
16      0
17      100
18      100
19      0
20      0
21      93
22      0
23      0
24      0
25      0
26      60
27      0
28      0
29      73
30      0
31      0
32      100
33      71
34      96
35      99
36      97
37      0
38      79
39      100
40      0
41      60
42      0
43      60
44      0
45      0
46      68
47      73
48      0
49      99
50      0
51      0
52      99
53      100
54      0
55      100
56      0
57      0
58      76
59      0
60      0
61      100
62      61
63      68
64      57
65      68
66      76
67      85
68      0
69      89
70      59
71      100
72      88
73      63
74      100
75      0
76      0
77      72
78      0
79      68
80      95
81      57
82      0
83      79
84      76
85      0
86      0
87      97
88      52
89      0
90      100
91      99
92      0
93      79
94      0
95      79
96      61
97      87
98      0
99      96
TotalProfit   3320.16
