0      86
1      100
2      0
3      65
4      81
5      90
6      100
7      0
8      0
9      64
10      0
11      0
12      100
13      81
14      0
15      100
16      90
17      86
18      100
19      0
20      77
21      100
22      0
23      0
24      100
25      100
26      100
27      83
28      0
29      90
30      0
31      62
32      0
33      58
34      68
35      0
36      62
37      67
38      68
39      0
40      100
41      0
42      0
43      92
44      100
45      80
46      100
47      99
48      100
49      68
50      0
51      0
52      70
53      100
54      1
55      82
56      100
57      0
58      74
59      0
60      0
61      0
62      92
63      0
64      0
65      0
66      0
67      0
68      62
69      100
70      0
71      92
72      80
73      64
74      62
75      92
76      95
77      93
78      94
79      0
80      0
81      90
82      94
83      0
84      0
85      0
86      79
87      0
88      99
89      45
90      86
91      0
92      0
93      0
94      0
95      97
96      0
97      79
98      0
99      77
TotalProfit   2875.77
