0      58.0752
1      99.9635
2      0
3      87.8592
4      0
5      0
6      99.9646
7      0
8      0
9      99.78
10      76.8759
11      98.9791
12      99.9635
13      0
14      0
15      87.8592
16      52.0533
17      0
18      0
19      91.3664
20      99.8714
21      99.7791
22      98.9392
23      67.1954
24      98.9392
25      58.5573
26      99.7791
27      0
28      99.7973
29      99.9635
30      0
31      99.9635
32      0
33      0
34      0
35      76.4747
36      0
37      0
38      0
39      97.1651
40      99.9646
41      0
42      99.7973
43      58.0752
44      56.3076
45      99.9635
46      91.3664
47      94.3784
48      87.8592
49      0
50      98.9392
51      58.5573
52      99.9635
53      0
54      98.9392
55      0
56      79.4938
57      87.6205
58      0
59      87.8592
60      99.7973
61      98.9392
62      0
63      87.6995
64      0
65      0
66      0
67      0
68      99.9635
69      69.9813
70      79.6766
71      0
72      99.9635
73      0
74      0
75      0
76      62.3868
77      90.7786
78      0
79      0
80      0
81      0
82      0
83      62.6844
84      91.2944
85      0
86      77.5707
87      0
88      99.9646
89      89.2951
90      0
91      0
92      0
93      0
94      63.5453
95      71.6553
96      69.9813
97      0
98      0
99      98.9392
TotalProfit   3310.9
