0      81.7858
1      99.9861
2      0
3      72.1802
4      87.9227
5      88.0192
6      99.9861
7      0
8      0
9      61.3056
10      0
11      0
12      99.9861
13      88.7914
14      0
15      99.9861
16      92.7147
17      88.7914
18      99.9861
19      0
20      87.9227
21      99.9861
22      0
23      0
24      99.9861
25      99.9919
26      99.9861
27      83.4577
28      0
29      87.9227
30      0
31      65.9478
32      0
33      55.8611
34      75.3151
35      0
36      61.2621
37      69.0326
38      62.6254
39      0
40      99.9861
41      0
42      0
43      90.9522
44      99.9861
45      0
46      99.9861
47      99.9861
48      99.9861
49      69.0326
50      0
51      0
52      69.6607
53      99.9861
54      0
55      83.4577
56      99.9919
57      0
58      69.0326
59      0
60      0
61      0
62      91.5937
63      0
64      0
65      0
66      0
67      0
68      61.3056
69      99.9861
70      0
71      94.6619
72      83.4577
73      62.6254
74      62.6254
75      88.7914
76      97.2439
77      95.3833
78      94.6619
79      0
80      0
81      93.2028
82      95.3833
83      0
84      0
85      0
86      83.4577
87      0
88      99.9861
89      0
90      87.9227
91      0
92      0
93      0
94      0
95      98.9166
96      83.4577
97      83.4577
98      0
99      82.9059
TotalProfit   2884.26
