0      0
1      99.0715
2      99.8218
3      82.5355
4      99.4099
5      0.00889059
6      0
7      96.8548
8      0.00889059
9      85.3741
10      0
11      0
12      99.4662
13      99.9783
14      0
15      95.548
16      86.2619
17      0
18      0
19      59.5947
20      85.3378
21      99.4662
22      99.0715
23      95.3575
24      64.6768
25      0
26      59.5947
27      94.6763
28      0
29      77.1906
30      0
31      99.9798
32      0
33      62.6077
34      77.1906
35      0
36      90.4911
37      0
38      0
39      99.4099
40      80.0295
41      99.9783
42      32.1755
43      99.9988
44      99.4208
45      87.9716
46      89.697
47      99.9798
48      64.6768
49      0
50      77.1259
51      0
52      0
53      0
54      94.6763
55      99.4101
56      58.5539
57      0.00889059
58      0
59      0
60      0
61      99.4099
62      81.4087
63      0
64      0
65      77.1053
66      99.9783
67      68.3158
68      83.2841
69      0
70      99.4662
71      92.7376
72      99.9798
73      0
74      65.3941
75      1.1041
76      99.9798
77      59.5947
78      0
79      77.1053
80      0
81      0
82      0
83      0.00889059
84      99.9798
85      86.2619
86      0
87      0
88      0
89      0
90      59.5947
91      0
92      87.2915
93      0
94      99.4662
95      93.6565
96      95.3575
97      99.4662
98      0
99      92.4116
TotalProfit   3041.01
