0      0
1      0
2      0
3      99.9812
4      55.3195
5      0
6      99.2822
7      99.9812
8      75.8839
9      78.7311
10      57.0097
11      0
12      96.388
13      0
14      99.9812
15      99.9812
16      0.00578732
17      79.9678
18      79.9678
19      61.7565
20      0
21      99.9812
22      0
23      0
24      0
25      99.9812
26      99.9812
27      0
28      96.388
29      0
30      0.00578732
31      0
32      55.3195
33      93.2066
34      99.9812
35      0
36      51.9173
37      0
38      0
39      62.6428
40      99.9812
41      99.9812
42      0
43      79.9678
44      87.3248
45      99.9812
46      0
47      96.4653
48      74.3583
49      75.8839
50      95.1733
51      99.9812
52      0
53      0
54      69.8423
55      99.9812
56      0
57      0
58      99.9812
59      87.3578
60      0
61      63.9159
62      99.9812
63      46.5525
64      98.4446
65      54.6332
66      89.1583
67      0
68      99.9812
69      11.4927
70      0
71      0
72      0
73      0.0013622
74      99.9812
75      61.7168
76      0
77      99.9812
78      97.7379
79      72.7139
80      55.3195
81      54.6686
82      0
83      54.6332
84      0
85      96.4653
86      99.9812
87      0
88      69.0321
89      99.5146
90      99.9812
91      0.00578732
92      79.9678
93      0
94      59.2757
95      0
96      0
97      0
98      55.3195
99      72.7139
TotalProfit   3739.62
