0      0
1      0
2      99.979
3      86.5478
4      58.5966
5      0
6      0
7      0
8      60.8579
9      0
10      0
11      99.9811
12      0
13      0
14      99.9086
15      99.9693
16      0
17      0
18      99.9693
19      89.9844
20      0
21      76.6146
22      99.2182
23      0
24      67.1619
25      0
26      60.8579
27      60.8579
28      54.4824
29      81.0773
30      99.9693
31      97.8853
32      0
33      92.1399
34      72.2044
35      72.7396
36      99.9693
37      0
38      0
39      0
40      99.9693
41      96.256
42      70.382
43      99.979
44      0
45      89.7227
46      72.7396
47      72.2044
48      73.7439
49      99.9693
50      0
51      92.0983
52      0
53      99.979
54      0
55      99.979
56      0
57      67.521
58      98.6117
59      0
60      0
61      90.2732
62      99.9693
63      78.349
64      92.1805
65      0
66      78.4947
67      99.9693
68      0
69      67.1619
70      93.0476
71      47.8464
72      0
73      0
74      98.6117
75      0
76      67.1619
77      0
78      0
79      0
80      0
81      84.465
82      0
83      67.1619
84      71.3341
85      99.9693
86      0
87      0
88      0
89      0
90      0
91      0
92      66.8422
93      0
94      98.9485
95      96.256
96      97.2042
97      98.6066
98      99.0351
99      98.6066
TotalProfit   3427.7
