0      78.3961
1      0
2      99.4864
3      60.2261
4      81.2931
5      98.9196
6      99.7929
7      99.9652
8      0.00206484
9      0
10      93.1846
11      0
12      90.7463
13      0
14      99.9652
15      81.2931
16      99.8347
17      0
18      0
19      0
20      0
21      0
22      73.2507
23      99.9652
24      0
25      0
26      97.8219
27      99.9652
28      99.7929
29      0
30      67.6424
31      47.0922
32      72.9433
33      99.9656
34      0
35      53.086
36      56.7976
37      0
38      0
39      0
40      99.9656
41      99.9652
42      0
43      87.2441
44      99.9652
45      68.9724
46      0
47      0
48      69.9308
49      51.8627
50      99.9652
51      87.2441
52      0
53      99.9652
54      0
55      56.7976
56      0
57      0
58      69.1017
59      56.7976
60      0
61      91.7605
62      99.9656
63      0
64      65.3385
65      0
66      99.7929
67      87.2441
68      65.3385
69      0
70      73.2507
71      0.0172775
72      0
73      99.9652
74      97.8611
75      99.9656
76      0
77      0
78      88.7729
79      87.2441
80      99.9656
81      99.4864
82      0
83      0
84      0
85      89.1691
86      0
87      76.0877
88      73.162
89      99.7929
90      78.3961
91      0
92      69.1017
93      0
94      0
95      0
96      99.9656
97      0
98      66.1442
99      99.4864
TotalProfit   3512.62
