0      65.2964
1      0
2      0
3      0
4      99.6779
5      99.9751
6      99.6779
7      68.1511
8      53.7826
9      0
10      93.5138
11      99.9977
12      0.00349392
13      88.5668
14      55.4268
15      74.6097
16      0.00349392
17      93.544
18      0
19      76.9887
20      93.5337
21      0.00349392
22      68.5729
23      99.9751
24      38.0827
25      93.5337
26      72.1769
27      86.8533
28      80.6168
29      0.00349392
30      0.00349392
31      50.0331
32      0
33      55.4268
34      59.256
35      0
36      0
37      60.5666
38      0
39      61.9557
40      0
41      99.9885
42      0
43      99.9751
44      99.4443
45      0.00349392
46      0.00349392
47      68.5729
48      99.9977
49      83.5029
50      0
51      0
52      0
53      80.7337
54      99.9885
55      0
56      93.5337
57      0.00349392
58      99.98
59      99.9977
60      53.7826
61      94.1647
62      99.98
63      80.7337
64      61.9557
65      99.9751
66      0
67      99.9751
68      50.0331
69      99.7419
70      86.9719
71      86.8533
72      0
73      0.00349392
74      0.00349392
75      0.395139
76      99.9977
77      99.9751
78      36.4017
79      0.00349392
80      93.544
81      61.9557
82      99.9751
83      90.8807
84      98.2432
85      99.9977
86      0
87      68.5729
88      50.0331
89      0
90      81.0235
91      0
92      99.98
93      0
94      94.428
95      0
96      0
97      0.00349392
98      74.6097
99      0
TotalProfit   3093.32
