0      98.1539
1      0
2      99.9615
3      77.6172
4      0
5      84.7211
6      69.7592
7      64.0539
8      79.0759
9      0
10      86.4278
11      57.6326
12      0.00192696
13      96.2796
14      82.0791
15      89.0816
16      55.7247
17      97.5182
18      99.9925
19      0
20      0
21      78.9912
22      83.2373
23      0
24      0
25      0
26      0
27      0
28      0
29      99.9615
30      84.7211
31      74.4132
32      45.8873
33      99.9615
34      78.5391
35      0
36      0
37      0
38      0
39      89.1587
40      77.6172
41      49.3042
42      96.0234
43      0
44      0
45      0.00192696
46      0
47      70.067
48      93.6164
49      90.7064
50      0
51      99.9925
52      0
53      0
54      69.6189
55      0
56      69.7592
57      44.5836
58      86.0532
59      0
60      0
61      91.616
62      0.00192696
63      98.3544
64      0
65      0
66      0
67      99.9257
68      55.7247
69      74.4132
70      71.7179
71      54.9265
72      0
73      99.9257
74      0
75      79.0758
76      44.5836
77      0.00606117
78      96.2796
79      97.5182
80      79.0759
81      0
82      83.2373
83      0
84      93.6164
85      0
86      99.9257
87      7.80137
88      99.549
89      83.2373
90      69.7592
91      0
92      0
93      0
94      99.9257
95      99.9257
96      77.6172
97      0.00192696
98      99.9615
99      70.2478
TotalProfit   3329.22
