0      97.1348
1      0
2      0
3      93.8596
4      0
5      64.1174
6      84.9144
7      0
8      0
9      99.0521
10      0
11      55.3877
12      0
13      0
14      57.5091
15      61.4171
16      0
17      83.9466
18      0
19      0
20      93.2841
21      90.7957
22      88.4762
23      0
24      49.2181
25      0
26      0
27      46.9289
28      94.4503
29      86.7099
30      62.7107
31      0
32      60.3069
33      90.9206
34      77.0355
35      99.0521
36      56.3114
37      0
38      99.3184
39      0
40      68.6113
41      84.9144
42      91.599
43      0
44      0
45      99.3184
46      79.4575
47      96.7638
48      49.6156
49      53.3497
50      81.546
51      99.9932
52      99.9932
53      97.1348
54      0
55      96.7638
56      62.0885
57      99.9932
58      0
59      70.5731
60      46.9289
61      0
62      0
63      99.256
64      88.23
65      66.8054
66      0
67      0
68      0
69      48.9593
70      0
71      0
72      71.6896
73      73.9531
74      73.9531
75      66.8054
76      0
77      0
78      90.9206
79      0
80      97.1348
81      99.0521
82      61.4171
83      0
84      99.0521
85      96.6888
86      0
87      88.4762
88      0
89      99.9932
90      0
91      99.0521
92      0
93      0
94      0
95      0
96      88.23
97      56.3114
98      99.9932
99      73.2222
TotalProfit   3370.49
