0      61.8766
1      97.21
2      0
3      0
4      64.7034
5      86.4555
6      0
7      0
8      70.8521
9      0
10      0
11      74.6626
12      99.684
13      0
14      99.6471
15      90.4178
16      99.4782
17      65.1229
18      99.684
19      0
20      0
21      64.2909
22      0
23      99.684
24      99.9209
25      0
26      79.8865
27      0
28      58.2078
29      0
30      99.9209
31      53.4474
32      0
33      76.0546
34      0
35      92.9682
36      0
37      99.4782
38      0
39      0
40      90.973
41      52.4898
42      0
43      68.9612
44      0
45      99.9209
46      52.4037
47      99.9209
48      0
49      0
50      97.21
51      66.6207
52      0
53      79.8167
54      94.6163
55      99.9209
56      99.4782
57      90.973
58      0
59      54.8068
60      99.4782
61      0
62      80.572
63      0.000446896
64      99.4782
65      0
66      74.6626
67      0
68      0
69      25.0247
70      0
71      79.8167
72      0
73      99.684
74      0
75      0
76      90.7782
77      79.8865
78      90.4178
79      68.483
80      0
81      74.6626
82      99.9209
83      99.684
84      99.4782
85      0
86      99.9209
87      47.8507
88      99.4782
89      0
90      99.684
91      72.6957
92      0
93      0
94      68.483
95      0
96      79.8865
97      0
98      0
99      53.8557
TotalProfit   2856.68
