0      95.7505
1      0
2      97.0136
3      48.2836
4      0
5      95.7505
6      0
7      83.712
8      0
9      78.6047
10      99.9804
11      0
12      99.9941
13      0
14      78.6047
15      66.9463
16      81.3614
17      68.8042
18      49.9269
19      0
20      63.4244
21      89.3283
22      67.1774
23      0
24      0
25      0
26      0
27      66.0054
28      97.3444
29      57.0758
30      89.3283
31      48.2836
32      90.6378
33      99.9941
34      0
35      0
36      99.9804
37      0
38      66.85
39      57.0758
40      99.9804
41      0
42      99.9941
43      81.9075
44      83.712
45      91.9046
46      0
47      72.6539
48      81.9075
49      64.3413
50      0
51      0
52      99.9804
53      0
54      0
55      99.8222
56      0
57      99.9804
58      99.9804
59      0
60      75.9017
61      0
62      0
63      0
64      0
65      0
66      99.9804
67      69.0389
68      72.6539
69      0
70      69.2326
71      95.7505
72      0
73      0
74      0
75      96.4547
76      75.9017
77      97.0136
78      0
79      85.7778
80      57.0758
81      0
82      0
83      81.9075
84      0
85      0
86      0
87      65.9288
88      0
89      0
90      0
91      99.9804
92      67.8544
93      66.3141
94      81.9075
95      0
96      65.9288
97      99.9804
98      0
99      93.6526
TotalProfit   3733.08
