0      0
1      0
2      0
3      0
4      77.259
5      99.78
6      77.259
7      0
8      0
9      0
10      88.4298
11      79.9326
12      78.952
13      99.1711
14      0
15      84.9076
16      99.6976
17      99.78
18      0
19      78.952
20      89.1109
21      89.1122
22      55.2588
23      99.78
24      99.6976
25      76.2031
26      79.9326
27      79.7596
28      0
29      89.1122
30      99.6976
31      0
32      99.78
33      0
34      59.0271
35      99.8905
36      58.2666
37      61.9772
38      77.259
39      99.78
40      99.8905
41      0
42      0
43      75.5251
44      0
45      0
46      99.9886
47      58.1357
48      0
49      89.1122
50      0
51      97.6182
52      99.8905
53      0
54      69.5174
55      58.1254
56      0
57      0
58      58.1254
59      68.9566
60      84.9076
61      0
62      0
63      0
64      97.6182
65      84.9076
66      0
67      0
68      69.9371
69      0
70      99.9886
71      0
72      55.2588
73      89.1122
74      99.9886
75      0
76      99.9886
77      55.1775
78      78.952
79      99.8905
80      0
81      0
82      99.78
83      0
84      70.5751
85      99.78
86      0
87      61.2708
88      0
89      99.9886
90      0
91      0
92      0
93      89.1122
94      97.8723
95      77.259
96      99.1667
97      0
98      0
99      77.259
TotalProfit   3511.5
