0      51.1699
1      83.9249
2      0
3      88.655
4      69.3384
5      0
6      0
7      48.6313
8      0
9      99.8681
10      99.8765
11      99.9783
12      59.2855
13      99.9783
14      97.5241
15      98.2736
16      80.7292
17      69.3384
18      0
19      0
20      0
21      0
22      99.8681
23      99.8681
24      99.8681
25      0
26      0
27      93.9416
28      76.6267
29      0
30      91.1017
31      0
32      0
33      0
34      99.9783
35      0
36      0
37      0
38      63.3692
39      83.9249
40      99.9783
41      99.9783
42      0
43      76.5081
44      83.9249
45      0
46      37.51
47      99.8765
48      99.8681
49      0
50      80.7292
51      76.6267
52      0
53      95.9911
54      57.0915
55      0
56      98.6679
57      98.9887
58      0
59      88.655
60      99.8681
61      91.1017
62      0
63      63.3799
64      0
65      0
66      0
67      0.224914
68      0
69      88.655
70      99.8681
71      99.8681
72      0
73      0
74      99.8765
75      0
76      99.8765
77      95.9911
78      92.2176
79      0
80      99.9783
81      0
82      0
83      56.3693
84      0
85      55.1784
86      88.655
87      64.0446
88      97.5241
89      0
90      0
91      0
92      88.655
93      99.9783
94      0
95      99.9783
96      0
97      0
98      99.8681
99      99.8681
TotalProfit   3247.86
