0      65.2835
1      90.8672
2      99.6007
3      0
4      0
5      99.5217
6      79.2487
7      99.961
8      0
9      0.000999957
10      99.9565
11      78.18
12      99.9565
13      0
14      54.182
15      94.2228
16      0
17      0
18      0
19      99.4993
20      0
21      0
22      0
23      0
24      0
25      0
26      0
27      58.5072
28      0
29      99.5217
30      73.9101
31      58.5072
32      0
33      0
34      99.9603
35      0
36      0
37      89.3874
38      0
39      75.145
40      99.9167
41      0
42      96.7853
43      66.9944
44      0
45      62.6876
46      97.8581
47      0
48      64.2244
49      0
50      99.9263
51      62.8298
52      96.328
53      0
54      0
55      0
56      99.6007
57      0
58      58.5072
59      98.5643
60      0
61      96.328
62      87.9229
63      0
64      68.9781
65      0
66      58.5072
67      0
68      55.6346
69      99.5217
70      78.18
71      99.5217
72      71.7744
73      99.5217
74      78.18
75      78.1914
76      0.000999957
77      47.8326
78      98.8286
79      99.4993
80      96.328
81      0.443818
82      62.6876
83      68.9781
84      65.2835
85      99.5217
86      0
87      99.9565
88      79.0618
89      99.8579
90      0
91      99.6007
92      0
93      99.4993
94      94.4226
95      54.182
96      71.5586
97      99.9263
98      0
99      65.9906
TotalProfit   3430.39
