0      81.9646
1      76.8413
2      66.7805
3      0
4      88.1397
5      72.7065
6      99.938
7      0
8      0.00282765
9      86.4492
10      86.4492
11      2.84149
12      56.2436
13      90.7456
14      64.0912
15      0
16      0.00282765
17      99.9712
18      99.9712
19      0
20      0
21      93.384
22      0
23      0.00282765
24      0
25      0
26      53.1112
27      0
28      0
29      62.4213
30      0.00282765
31      0.00282765
32      99.938
33      70.5051
34      98.459
35      99.938
36      99.9115
37      0
38      76.8413
39      99.9712
40      0
41      56.2436
42      0
43      56.2436
44      0.00282765
45      0
46      65.6025
47      72.7143
48      0
49      99.938
50      0
51      0
52      0
53      99.938
54      0
55      99.9712
56      0
57      0
58      72.7143
59      0
60      0
61      99.9712
62      62.4213
63      66.7805
64      56.2436
65      68.3891
66      76.8413
67      89.7297
68      0
69      93.8715
70      56.2436
71      99.938
72      87.7233
73      65.6025
74      99.9712
75      0
76      0
77      69.8933
78      0
79      68.3891
80      98.459
81      56.2436
82      0
83      73.9664
84      73.9664
85      0
86      0
87      98.3331
88      50.7831
89      99.938
90      99.938
91      99.9115
92      0
93      80.4271
94      0
95      76.8413
96      60.5377
97      0
98      0.00282765
99      98.3278
TotalProfit   3313.42
