0      87.999
1      0
2      0
3      0
4      96.7058
5      0
6      94.1869
7      0.0176391
8      99.9253
9      86.4008
10      0
11      0
12      69.2149
13      86.3454
14      88.925
15      99.6068
16      99.9579
17      63.2954
18      66.7101
19      0
20      88.7679
21      89.6152
22      73.8786
23      0
24      99.3792
25      63.1776
26      56.8635
27      86.4978
28      0
29      0
30      0
31      94.3784
32      73.8786
33      87.3783
34      99.7921
35      0
36      58.7981
37      0
38      94.1869
39      77.8229
40      0
41      0
42      58.822
43      0
44      0
45      0.0176391
46      82.7552
47      63.7112
48      94.1869
49      0
50      79.8475
51      63.7112
52      94.1869
53      96.5982
54      0
55      0
56      67.0694
57      86.3454
58      63.7112
59      93.7507
60      0
61      62.8916
62      63.6318
63      99.9858
64      0
65      99.9579
66      0
67      0
68      98.4996
69      0
70      91.7152
71      66.7101
72      99.9579
73      0
74      0
75      0
76      0
77      66.8757
78      73.8786
79      99.6068
80      99.9253
81      0
82      0
83      67.8022
84      0
85      0
86      86.4978
87      0
88      0
89      0
90      73.8786
91      95.6073
92      0
93      0
94      0
95      98.045
96      84.065
97      0
98      0
99      58.822
TotalProfit   3387.17
