0      76.0641
1      0
2      85.4777
3      98.0401
4      86.9462
5      73.0449
6      99.9837
7      86.9462
8      0
9      99.9146
10      73.0449
11      0
12      94.5407
13      63.3245
14      59.0723
15      97.4545
16      0
17      0
18      77.626
19      99.1389
20      0
21      0
22      53.8746
23      59.0723
24      0
25      0
26      99.9526
27      0
28      99.1389
29      70.2541
30      99.1389
31      0
32      97.0393
33      99.9837
34      68.7654
35      99.9526
36      99.9837
37      82.1402
38      0
39      0
40      78.0057
41      0
42      82.1402
43      0
44      97.0393
45      0
46      99.1389
47      56.4708
48      99.9837
49      0
50      76.0454
51      0
52      0
53      99.8892
54      99.9837
55      0
56      50.5387
57      95.9759
58      0
59      86.9462
60      40.9377
61      0
62      0
63      0
64      0
65      99.9837
66      88.5291
67      0
68      83.4627
69      63.288
70      87.4187
71      99.9837
72      99.9837
73      93.3615
74      0
75      0
76      99.9204
77      0
78      73.0449
79      0
80      0
81      95.9511
82      0
83      0
84      0
85      68.7654
86      69.4639
87      0
88      0
89      0
90      97.0393
91      99.9204
92      99.9204
93      69.4639
94      99.8892
95      0
96      0
97      0
98      82.1402
99      99.9837
TotalProfit   3501.12
