0      0
1      99.986
2      99.5757
3      0
4      43.8111
5      76.3961
6      98.2342
7      96.4836
8      85.4947
9      43.8111
10      0
11      85.4947
12      0
13      0
14      91.8877
15      66.0677
16      99.986
17      14.1286
18      99.986
19      99.6747
20      71.6984
21      99.986
22      94.3589
23      0
24      46.4565
25      0
26      0
27      98.2342
28      82.126
29      0
30      0
31      0
32      0
33      99.5267
34      0
35      99.9844
36      0
37      52.8792
38      99.986
39      0
40      0
41      98.8215
42      58.619
43      0
44      0
45      76.3961
46      0.172835
47      52.3635
48      0
49      66.0677
50      99.5757
51      52.8792
52      0
53      79.0669
54      81.6311
55      85.4947
56      86.5516
57      0
58      99.9844
59      0
60      0
61      91.4185
62      0
63      0
64      0
65      0
66      60.1279
67      70.4405
68      61.8056
69      0
70      0
71      0
72      99.9653
73      0
74      98.3274
75      98.2342
76      54.9747
77      99.986
78      58.443
79      0
80      99.8723
81      0
82      52.8792
83      78.3855
84      99.4572
85      93.4926
86      99.9844
87      86.5516
88      76.805
89      99.986
90      0
91      99.9844
92      0.172835
93      86.5516
94      0
95      99.7988
96      0
97      92.4387
98      76.3961
99      46.211
TotalProfit   3685.65
