0      98.7074
1      99.2613
2      0
3      0
4      61.2957
5      65.0245
6      84.1014
7      81.7815
8      0
9      0
10      99.5579
11      83.8694
12      64.5695
13      97.7088
14      0
15      91.4022
16      0
17      82.3389
18      0
19      0
20      99.5579
21      55.7767
22      99.4854
23      0
24      0
25      0
26      83.8694
27      99.2613
28      99.9886
29      0
30      0
31      95.9058
32      0
33      99.5579
34      0
35      73.2444
36      0
37      91.5944
38      99.5579
39      0
40      69.6897
41      0
42      64.9281
43      82.3389
44      99.5579
45      99.5579
46      84.1321
47      72.9399
48      70.6253
49      0
50      99.5579
51      0
52      99.4854
53      60.8865
54      0.690526
55      60.8865
56      67.5647
57      61.2957
58      0
59      92.7723
60      0
61      0
62      84.1014
63      99.5579
64      98.7074
65      0
66      0
67      83.8694
68      0
69      83.8694
70      0
71      0
72      66.5688
73      74.7786
74      99.9886
75      0
76      0
77      0
78      55.7767
79      0
80      0
81      72.9399
82      0
83      99.9886
84      74.4588
85      99.9117
86      91.4022
87      98.7074
88      0
89      91.4022
90      0
91      98.7074
92      0
93      83.8694
94      0
95      0
96      99.9117
97      99.9886
98      66.2657
99      0.369957
TotalProfit   3578.05
