0      77.7961
1      83.2955
2      0
3      58.4222
4      93.079
5      99.8401
6      99.43
7      0
8      0
9      99.43
10      0
11      0
12      99.737
13      77.7767
14      0
15      0
16      74.7357
17      71.3304
18      0
19      71.3304
20      0
21      74.7357
22      0
23      0
24      91.2223
25      0
26      85.0906
27      85.0906
28      0
29      0
30      77.7767
31      53.9498
32      99.8401
33      0
34      74.7357
35      0
36      0
37      90.1903
38      0
39      0
40      89.8697
41      99.8401
42      0
43      99.8401
44      91.2223
45      0
46      99.8624
47      91.2223
48      0
49      0
50      0
51      0
52      99.8401
53      0
54      99.43
55      68.6903
56      0.00403795
57      0
58      80.4518
59      99.8401
60      57.1483
61      91.2223
62      71.3304
63      99.0653
64      0
65      77.657
66      91.2223
67      99.8401
68      0
69      0
70      84.1517
71      99.9646
72      0
73      88.6462
74      99.0653
75      51.1632
76      78.0508
77      0
78      0
79      99.43
80      0
81      0
82      84.1517
83      77.7961
84      77.7961
85      82.8352
86      0
87      64.7944
88      78.5421
89      0
90      53.9498
91      87.2862
92      0
93      77.7961
94      86.4071
95      93.7112
96      80.4518
97      0
98      0
99      0
TotalProfit   3011.52
