0      0
1      0
2      0
3      99.833
4      0
5      0
6      96.1683
7      99.833
8      70.8603
9      83.6404
10      55.1529
11      93.8293
12      89.8137
13      0
14      98.8163
15      99.629
16      0
17      83.6404
18      77.8965
19      0
20      90.3421
21      99.0787
22      0
23      0
24      0
25      99.833
26      99.833
27      0
28      93.9121
29      0
30      0
31      74.8558
32      53.835
33      0
34      99.833
35      0
36      0
37      0
38      0
39      67.0288
40      99.833
41      99.833
42      0
43      77.8965
44      85.7121
45      99.1152
46      0
47      93.8293
48      74.8558
49      79.8235
50      91.2012
51      0
52      0
53      0
54      74.8558
55      99.3482
56      0
57      0
58      0
59      89.8137
60      0
61      65.5401
62      99.1152
63      44.3768
64      98.8163
65      53.835
66      89.8137
67      98.8163
68      99.7122
69      0
70      0
71      0
72      0
73      0.0223687
74      99.833
75      63.389
76      0
77      0
78      98.8163
79      74.8558
80      0
81      53.835
82      0
83      50.8289
84      0
85      90.3421
86      99.833
87      0
88      70.8603
89      98.8163
90      99.7122
91      0.0223687
92      83.6404
93      0
94      55.8832
95      0
96      0
97      95.8572
98      58.3308
99      79.8235
100      0
101      72.4948
102      83.6404
103      50.8289
104      91.2012
105      0
106      0
107      53.835
108      0
109      83.6404
110      97.5732
111      0.0223687
112      99.833
113      0
114      98.8865
115      0
116      50.8289
117      99.833
118      53.835
119      72.0912
120      99.7122
121      73.4146
122      98.8163
123      77.8965
124      85.7121
125      0
126      98.8865
127      67.0288
128      0
129      0
130      99.833
131      0
132      65.5401
133      65.5401
134      98.8163
135      74.8054
136      63.389
137      0
138      0
139      99.4772
140      0
141      99.833
142      74.8558
143      91.2012
144      0
145      98.8865
146      0
147      0
148      53.835
149      0
150      0
151      94.6777
152      99.833
153      74.8558
154      98.8163
155      0
156      0
157      97.5619
158      0
159      74.8558
160      0
161      0
162      98.8163
163      99.7122
164      0
165      97.5619
166      85.7121
167      98.8163
168      0
169      50.8289
170      69.0968
171      99.629
172      95.8572
173      97.5732
174      62.001
175      0
176      55.8832
177      93.8293
178      0
179      69.0968
180      0
181      99.833
182      0
183      55.1529
184      74.8558
185      0
186      90.3421
187      0
188      0
189      98.8163
190      74.8558
191      0
192      0
193      99.833
194      98.8163
195      83.6404
196      85.7121
197      99.833
198      0
199      0
TotalProfit   6995.67
