0      69.4672
1      83.7891
2      83.0207
3      98.0611
4      86.1376
5      78.9181
6      0
7      86.1376
8      0
9      98.6218
10      49.5066
11      71.058
12      87.9839
13      62.8019
14      57.6529
15      97.5419
16      0
17      0
18      74.8141
19      98.0611
20      0
21      0
22      54.2338
23      59.5373
24      0
25      0
26      98.9509
27      0
28      98.0611
29      68.7254
30      98.0611
31      0
32      95.6422
33      99.111
34      66.5984
35      98.7843
36      99.9518
37      81.4164
38      0
39      0
40      78.9181
41      0
42      83.0207
43      0
44      94.9997
45      0
46      0
47      59.2465
48      0
49      0
50      78.9181
51      91.5834
52      0
53      98.0611
54      99.9518
55      0
56      49.6853
57      93.4047
58      0
59      83.7891
60      0
61      0
62      0
63      0
64      0
65      99.9518
66      86.1376
67      65.9903
68      83.6665
69      65.9903
70      83.7891
71      99.6871
72      0
73      87.7699
74      0
75      79.8682
76      0
77      0
78      67.7278
79      0
80      0
81      92.1179
82      0
83      0
84      0
85      65.9903
86      68.7254
87      0
88      0
89      0
90      95.6422
91      98.7766
92      98.7843
93      0
94      98.6218
95      0
96      0
97      0
98      83.6665
99      99.6871
100      0
101      71.058
102      59.2465
103      54.2338
104      98.7843
105      0
106      52.2485
107      54.2338
108      0
109      91.5834
110      81.4164
111      54.7183
112      0
113      54.2338
114      99.9518
115      0
116      0
117      0
118      62.8019
119      0
120      0
121      0
122      0
123      0
124      0
125      98.7766
126      66.8843
127      0
128      0
129      98.7766
130      61.031
131      61.031
132      99.9518
133      93.4047
134      94.9997
135      99.9518
136      95.6422
137      0
138      95.6422
139      0
140      65.9903
141      72.4895
142      92.1179
143      71.058
144      98.0611
145      99.9518
146      0
147      49.4899
148      65.9903
149      98.7766
150      88.1465
151      0
152      95.6422
153      52.2485
154      49.5526
155      87.283
156      0
157      74.8141
158      0
159      0
160      98.7766
161      0
162      99.111
163      0
164      81.4164
165      67.7278
166      82.9157
167      79.568
168      0
169      45.2589
170      61.031
171      94.9997
172      68.7254
173      0
174      0
175      0
176      0
177      62.8019
178      98.0611
179      0
180      91.1524
181      0
182      95.6422
183      99.9518
184      0
185      0
186      98.0611
187      0
188      67.7278
189      65.9903
190      0
191      0
192      99.5802
193      83.7891
194      87.9839
195      0
196      0
197      69.4672
198      86.6131
199      65.9903
TotalProfit   7182.92
