0      75.0784
1      77.5167
2      0
3      63.6269
4      87.7374
5      99.8733
6      99.7255
7      0
8      0
9      99.4863
10      0.00777393
11      0
12      99.8733
13      80.4348
14      0
15      77.1294
16      77.1294
17      71.4387
18      0
19      69.374
20      0
21      71.4387
22      0
23      0.00777393
24      93.0938
25      0
26      83.8651
27      86.0611
28      0.00777393
29      0
30      77.1294
31      68.055
32      99.8733
33      42.6905
34      75.1796
35      0
36      0
37      86.0611
38      0
39      0
40      86.1812
41      99.8733
42      99.8733
43      99.8733
44      89.9155
45      0
46      0
47      98.1602
48      0
49      0
50      0.00777393
51      0
52      0
53      0
54      0
55      68.1013
56      0.00292972
57      0
58      80.6139
59      99.8733
60      63.6269
61      0
62      69.3444
63      99.7255
64      0
65      75.0784
66      89.9155
67      0
68      0
69      0
70      85.4331
71      99.917
72      55.3648
73      93.0938
74      98.1602
75      53.6716
76      77.5167
77      0
78      98.1602
79      99.8733
80      0
81      0
82      85.4331
83      77.5167
84      80.4348
85      86.0611
86      0
87      58.5315
88      80.6139
89      0
90      56.3783
91      86.1812
92      0
93      77.1294
94      0
95      93.0938
96      85.4331
97      0
98      0
99      0
100      99.4863
101      55.3648
102      99.7255
103      86.0611
104      99.4863
105      69.3444
106      99.7255
107      0
108      93.0938
109      99.4863
110      55.3648
111      55.3648
112      98.1602
113      0
114      75.1796
115      99.8733
116      0
117      0
118      0
119      0
120      99.7255
121      99.8733
122      0
123      0.00777393
124      99.4863
125      99.8733
126      99.7255
127      99.7255
128      99.7255
129      99.8733
130      98.3276
131      99.8733
132      80.6139
133      72.3473
134      0
135      73.4916
136      0
137      75.0784
138      82.9632
139      0
140      0.00777393
141      71.215
142      0
143      0
144      93.0938
145      98.3276
146      77.5167
147      85.4331
148      68.055
149      72.773
150      0
151      99.8733
152      99.7255
153      0
154      0
155      77.1294
156      99.4863
157      0
158      77.5167
159      0
160      0
161      83.8651
162      0
163      0
164      96.0802
165      58.5315
166      99.8733
167      0
168      99.8733
169      99.7255
170      69.3444
171      99.8733
172      98.1602
173      0
174      53.6716
175      0
176      0
177      98.1602
178      75.1796
179      0
180      0
181      0.00292972
182      0
183      99.7255
184      0.00292972
185      99.7255
186      0.00292972
187      0
188      0
189      98.1602
190      0
191      99.7255
192      68.055
193      0
194      0
195      75.0784
196      0.00292972
197      53.6716
198      0.00777393
199      68.1013
TotalProfit   6423.22
