0      85.5062
1      0
2      47.5238
3      0
4      98.5107
5      0
6      90.5654
7      0.00742225
8      99.9712
9      85.5062
10      0
11      0
12      78.3572
13      85.5062
14      85.5062
15      99.9712
16      99.9712
17      56.009
18      72.2235
19      0
20      0
21      94.1648
22      78.3572
23      0
24      98.6931
25      59.8873
26      53.31
27      0
28      0
29      0
30      0
31      97.3665
32      78.3572
33      85.5062
34      99.9712
35      0
36      63.9573
37      0
38      96.6474
39      78.3572
40      0
41      0
42      61.6548
43      0
44      0
45      0.00742225
46      76.9289
47      66.6378
48      97.3665
49      0
50      75.487
51      0
52      93.3719
53      97.3665
54      0
55      0
56      66.6378
57      85.5062
58      63.9573
59      93.8769
60      0
61      62.2018
62      65.6344
63      99.9712
64      0
65      99.9712
66      0
67      0
68      98.5107
69      0
70      92.0123
71      63.9573
72      99.9712
73      0
74      0
75      0
76      0
77      63.6512
78      74.0042
79      99.631
80      99.9712
81      0
82      0
83      66.2455
84      0
85      0
86      85.5062
87      0
88      0
89      0
90      75.487
91      96.6474
92      0
93      0
94      0.00742225
95      98.5107
96      78.3572
97      0
98      0
99      60.0569
100      0
101      0
102      98.5107
103      78.0341
104      90.5654
105      0
106      0
107      0
108      66.8254
109      0
110      78.7046
111      98.0957
112      0
113      82.2301
114      90.5654
115      0
116      68.4198
117      0
118      0
119      59.9654
120      0
121      85.5062
122      55.7048
123      53.31
124      99.9712
125      0
126      0
127      90.5654
128      90.2216
129      0
130      0
131      0
132      98.0957
133      98.5107
134      99.9712
135      0
136      99.4537
137      72.2235
138      0
139      99.5834
140      0
141      0.00742225
142      99.4537
143      59.9654
144      0
145      0
146      99.9712
147      98.5107
148      0
149      53.31
150      59.1879
151      99.9712
152      0
153      88.6172
154      0
155      0
156      99.9871
157      0
158      99.9712
159      0
160      70.9034
161      98.5107
162      99.9712
163      99.7367
164      0
165      0
166      51.5509
167      0
168      0
169      96.6474
170      99.6701
171      99.4537
172      98.6931
173      66.0718
174      98.0957
175      62.2018
176      99.4537
177      0
178      99.631
179      99.9712
180      0
181      99.9712
182      0
183      62.2018
184      0
185      68.6197
186      96.6474
187      0
188      0.00742225
189      96.6474
190      99.9871
191      0
192      99.631
193      0
194      58.5244
195      99.9712
196      96.6474
197      95.2395
198      88.6172
199      0
TotalProfit   6524.31
