0      0
1      0
2      0
3      91.4722
4      0
5      57.4325
6      70.5531
7      0
8      0
9      94.0584
10      0
11      44.138
12      0
13      0
14      53.1437
15      53.9077
16      0
17      73.432
18      0
19      0
20      87.4481
21      84.1241
22      84.8976
23      0
24      45.6351
25      99.957
26      0
27      45.6351
28      98.3414
29      80.3117
30      65.6934
31      0
32      61.065
33      92.2212
34      76.2359
35      98.3414
36      53.1437
37      0
38      98.9427
39      0
40      61.065
41      86.99
42      92.2212
43      0
44      0
45      0
46      81.0247
47      95.9845
48      49.7363
49      49.7363
50      81.7518
51      99.957
52      0
53      98.3414
54      0
55      98.3134
56      58.6294
57      99.957
58      0
59      66.8263
60      0
61      98.9427
62      0
63      99.8345
64      86.99
65      65.6934
66      0
67      0
68      0
69      49.7363
70      0
71      0
72      75.6672
73      74.0371
74      76.2359
75      62.7828
76      0
77      0
78      90.1446
79      0
80      98.3414
81      98.3501
82      57.4325
83      0
84      98.3501
85      94.8178
86      0
87      87.4481
88      0
89      99.9793
90      0
91      98.3706
92      0
93      0
94      0
95      0
96      91.2202
97      49.7363
98      0
99      70.5531
100      0
101      0
102      61.065
103      87.9992
104      0
105      0
106      98.3706
107      0
108      95.9845
109      86.99
110      77.3737
111      0
112      84.8976
113      89.4242
114      99.9793
115      0
116      87.4481
117      0
118      58.6294
119      0
120      0
121      97.2001
122      91.2202
123      87.0455
124      0
125      39.595
126      84.1241
127      49.7363
128      0
129      87.8361
130      0
131      65.6934
132      98.3414
133      0
134      94.2998
135      87.0455
136      0
137      0
138      99.957
139      0
140      0
141      99.957
142      87.0455
143      0
144      51.0441
145      91.2202
146      84.8976
147      0
148      0
149      95.9845
150      0
151      0
152      0
153      0
154      70.5528
155      98.9427
156      80.2876
157      0
158      0
159      0
160      84.0897
161      81.0247
162      70.5531
163      98.3414
164      0
165      80.3117
166      96.4589
167      99.957
168      0
169      77.3737
170      86.99
171      86.99
172      53.9719
173      99.3275
174      98.3414
175      76.2359
176      81.7518
177      83.2018
178      99.957
179      84.8976
180      97.2001
181      0
182      99.957
183      0
184      55.1959
185      99.957
186      53.8983
187      53.9719
188      77.3737
189      99.0516
190      0
191      0
192      0
193      70.5531
194      0
195      0
196      99.9793
197      53.9719
198      0
199      86.99
TotalProfit   6947.83
