0      97.4071
1      39.1892
2      0
3      70.715
4      98.9866
5      90.6598
6      52.9732
7      66.2121
8      0
9      0.0155521
10      89.8855
11      61.3801
12      4.79408
13      95.007
14      81.1951
15      93.377
16      0
17      98.7537
18      99.9395
19      0
20      0
21      78.3736
22      83.5642
23      0
24      0
25      0
26      0
27      0
28      0
29      0
30      83.5642
31      70.715
32      43.4679
33      0
34      78.3736
35      99.9395
36      0
37      0
38      0
39      93.377
40      76.4064
41      52.9732
42      97.4071
43      0.000284134
44      0.000284134
45      0
46      0
47      67.4845
48      97.4071
49      95.007
50      0
51      99.9395
52      0
53      0
54      66.2121
55      0
56      63.9726
57      42.3011
58      84.2536
59      0
60      0
61      95.007
62      0
63      0
64      0
65      0
66      0
67      98.9866
68      59.5875
69      72.2914
70      73.6521
71      57.6848
72      0
73      98.9866
74      0
75      80.1429
76      48.4879
77      0
78      95.007
79      97.4071
80      80.8985
81      0
82      81.1951
83      97.1022
84      90.7895
85      0.000284134
86      98.9866
87      0
88      98.9866
89      0
90      67.4845
91      0
92      0
93      0
94      98.9866
95      0
96      78.3736
97      0
98      99.6204
99      69.6826
100      62.2428
101      0
102      0
103      52.6189
104      0
105      0
106      77.3086
107      76.4064
108      83.5642
109      0
110      95.6146
111      0
112      76.4064
113      90.6598
114      78.3736
115      0
116      78.3736
117      0
118      97.4071
119      0
120      76.4064
121      0
122      0
123      61.3801
124      80.2514
125      97.4071
126      0
127      97.4071
128      0
129      75.3591
130      0
131      0.000284134
132      62.2111
133      90.7432
134      0
135      98.9866
136      52.118
137      75.3591
138      97.4071
139      63.9726
140      61.659
141      91.5262
142      0
143      83.5642
144      69.6826
145      0
146      76.4064
147      97.4071
148      0
149      0
150      67.4845
151      0
152      97.4071
153      57.6848
154      81.1951
155      97.4071
156      97.4071
157      98.9866
158      0
159      0
160      92.7801
161      0.0155521
162      90.7895
163      0
164      98.7537
165      83.5642
166      97.4071
167      0
168      52.118
169      0
170      0
171      0
172      70.715
173      98.9866
174      0
175      99.9395
176      93.377
177      98.7537
178      97.4071
179      0.0155521
180      62.2428
181      56.151
182      67.4845
183      99.9395
184      0
185      48.4879
186      0
187      0
188      0
189      98.7537
190      99.9395
191      98.9866
192      98.7537
193      84.2536
194      98.9866
195      67.4845
196      62.2428
197      0
198      67.4845
199      52.118
TotalProfit   7084.89
