0      61.243
1      98.1789
2      97.3238
3      65.5581
4      56.5845
5      96.9258
6      0
7      0
8      74.1279
9      0
10      0
11      88.6255
12      99.9796
13      0
14      98.1789
15      97.1163
16      97.3238
17      73.9874
18      0
19      0
20      0
21      56.5845
22      78.8966
23      0
24      99.9796
25      0
26      82.4928
27      0
28      64.7066
29      0
30      0
31      56.5845
32      0
33      76.8912
34      0
35      97.1163
36      0
37      99.5072
38      0
39      0
40      96.9258
41      0
42      88.6255
43      76.8912
44      0
45      99.9796
46      49.1881
47      99.9796
48      0
49      0
50      97.3238
51      70.0307
52      0
53      78.8966
54      96.9258
55      99.9796
56      98.1789
57      96.9258
58      0
59      59.1062
60      98.1789
61      0
62      82.4928
63      1.12173
64      99.2045
65      0
66      76.8912
67      0
68      0
69      0
70      0
71      82.4928
72      0
73      0
74      0
75      0
76      93.3189
77      82.4928
78      92.9293
79      70.0307
80      97.1163
81      76.8912
82      99.9796
83      99.9796
84      99.2045
85      0
86      99.9796
87      0
88      98.4376
89      0
90      99.9796
91      76.8912
92      0
93      0
94      67.9365
95      0
96      84.0976
97      0
98      97.3238
99      0
100      90.8717
101      65.5581
102      99.5072
103      70.0307
104      92.8135
105      0
106      79.0345
107      0
108      56.5845
109      65.5581
110      99.8173
111      65.8642
112      0
113      82.4928
114      99.9796
115      70.0307
116      79.0345
117      98.1789
118      90.7506
119      0
120      0
121      65.5944
122      65.8642
123      88.6255
124      99.8173
125      99.9796
126      99.9796
127      99.9796
128      0
129      0
130      0
131      92.9293
132      71.3728
133      0
134      65.5581
135      0
136      0
137      96.9258
138      0
139      0
140      99.9796
141      92.9293
142      0
143      79.0345
144      0
145      99.9796
146      71.3728
147      69.5637
148      76.8912
149      93.3189
150      88.6255
151      74.1279
152      70.0307
153      0
154      90.8717
155      76.8912
156      99.9796
157      0
158      0
159      82.4928
160      84.0976
161      0
162      51.9226
163      97.1163
164      0
165      0
166      0
167      99.9796
168      0
169      0
170      0
171      96.9258
172      0
173      0
174      0
175      0
176      60.7967
177      59.2669
178      0
179      74.1279
180      0
181      0
182      99.9796
183      72.6828
184      97.3238
185      99.5072
186      98.1789
187      0
188      76.8912
189      99.9796
190      0
191      56.5845
192      0
193      57.3791
194      0
195      0
196      61.243
197      74.1279
198      0
199      0
TotalProfit   6026.97
