0      98.2851
1      0
2      61.6936
3      0
4      99.4871
5      0
6      0
7      55.9698
8      58.0294
9      0.00871342
10      0
11      75.5521
12      0
13      58.0294
14      0
15      95.9715
16      75.5521
17      61.6936
18      42.6385
19      61.6936
20      0
21      0
22      0
23      0
24      0
25      45.942
26      95.1323
27      94.8894
28      97.3085
29      72.9193
30      99.7673
31      0
32      0
33      0
34      0
35      72.9193
36      0
37      75.0894
38      0
39      0
40      52.0321
41      0
42      84.5032
43      54.8587
44      0
45      0
46      0
47      0
48      0
49      0
50      72.9193
51      63.826
52      0
53      54.8587
54      0
55      96.2537
56      82.7686
57      99.9676
58      0
59      70.7015
60      99.485
61      97.3085
62      99.4871
63      0
64      0
65      89.8191
66      0
67      0
68      99.7673
69      56.4126
70      72.9193
71      89.8191
72      99.9184
73      0
74      0
75      88.557
76      75.0894
77      0
78      0
79      75.5521
80      0
81      76.8682
82      0
83      91.4804
84      54.8587
85      0
86      0
87      0
88      0
89      99.9184
90      0
91      69.0737
92      80.5813
93      0
94      0
95      99.9676
96      82.7686
97      97.3085
98      77.9688
99      72.9193
100      0
101      79.611
102      66.5718
103      0
104      63.826
105      0
106      84.5032
107      69.0737
108      0
109      0
110      0
111      99.9181
112      99.9181
113      51.4558
114      0
115      54.8587
116      0
117      99.7673
118      0
119      98.2851
120      84.5032
121      0
122      94.0976
123      0
124      0
125      99.7673
126      0
127      80.5813
128      56.4126
129      0
130      86.086
131      99.9181
132      58.0294
133      58.0294
134      99.9184
135      95.9715
136      99.4871
137      99.9181
138      94.8894
139      99.9676
140      0
141      99.7673
142      99.8701
143      0
144      0
145      97.3085
146      0
147      53.4721
148      72.9193
149      0
150      70.7015
151      0
152      0
153      99.7673
154      0
155      20.4001
156      0
157      98.2851
158      0
159      0
160      99.5332
161      99.9676
162      80.5813
163      54.8587
164      0
165      99.7673
166      0
167      95.2697
168      94.0976
169      80.5813
170      61.6936
171      66.5718
172      0
173      99.9181
174      95.9715
175      95.9715
176      96.2537
177      88.557
178      72.9193
179      99.4871
180      0
181      88.557
182      77.9688
183      0.00871342
184      97.2882
185      82.7686
186      99.4871
187      77.9688
188      91.4804
189      70.1313
190      0
191      0
192      0
193      60.84
194      0
195      97.3085
196      66.5718
197      99.7673
198      77.9688
199      86.086
TotalProfit   6421.16
