0      87.2068
1      0
2      64.0055
3      0
4      0
5      92.0994
6      99.8817
7      99.9511
8      0
9      0
10      0
11      0
12      99.9511
13      64.0055
14      0
15      84.5501
16      72.7387
17      92.0994
18      58.294
19      0
20      0
21      99.8817
22      0
23      82.2508
24      64.0055
25      77.655
26      70.1544
27      70.1544
28      60.0512
29      0
30      75.5021
31      78.9773
32      63.7232
33      99.8817
34      78.9674
35      0
36      0
37      85.7908
38      77.655
39      99.9511
40      62.1556
41      0
42      0
43      0
44      0
45      92.457
46      0
47      0
48      99.9511
49      63.7232
50      92.0994
51      89.2763
52      84.1698
53      0
54      0
55      80.0613
56      0
57      0
58      71.0076
59      71.0076
60      63.7232
61      80.0613
62      98.3037
63      0
64      75.5021
65      84.5501
66      99.9511
67      84.1542
68      57.9441
69      0
70      0
71      99.291
72      0
73      0
74      0
75      0
76      0
77      0
78      0
79      56.8321
80      0
81      55.5208
82      0
83      93.7449
84      0
85      0
86      58.294
87      99.9511
88      70.1544
89      0
90      0
91      99.9511
92      54.0559
93      0
94      0
95      61.6746
96      0
97      66.5209
98      0
99      0
100      99.9511
101      0
102      64.0055
103      89.2763
104      0
105      99.9511
106      75.5021
107      0
108      99.5238
109      99.9511
110      0
111      0
112      99.9511
113      70.1544
114      78.9773
115      0
116      99.9511
117      0
118      89.5505
119      57.0428
120      92.5077
121      69.0412
122      90.2899
123      99.8817
124      92.0994
125      89.2763
126      0
127      99.5238
128      55.5208
129      89.2763
130      78.9674
131      0.0236029
132      55.5208
133      0
134      55.5208
135      0
136      88.8507
137      0
138      0
139      0
140      66.5209
141      0
142      79.0266
143      0
144      0
145      92.5077
146      0
147      0
148      99.9511
149      70.1544
150      98.2441
151      0
152      55.5208
153      99.8703
154      84.5501
155      0
156      98.3037
157      0
158      84.5287
159      60.0512
160      99.8817
161      67.8596
162      0
163      85.7919
164      55.5208
165      84.5501
166      0
167      89.2763
168      60.0512
169      99.9511
170      50.2076
171      70.6111
172      91.4251
173      0
174      99.5238
175      61.6333
176      93.7449
177      99.9511
178      0
179      0
180      87.0728
181      98.3037
182      0
183      0
184      0
185      0
186      98.3037
187      58.8001
188      69.0412
189      30.9726
190      0
191      0
192      48.2192
193      0
194      72.7387
195      61.6333
196      0
197      0
198      0
199      0
TotalProfit   6851.9
