0      83.7738
1      0
2      0
3      63.5978
4      79.8281
5      86.3465
6      99.9704
7      0
8      0
9      50.0111
10      0
11      0
12      99.9704
13      84.3914
14      0
15      99.9704
16      90.1714
17      84.7494
18      99.9704
19      0
20      74.7316
21      99.9704
22      99.9704
23      0
24      98.0857
25      99.9704
26      99.9704
27      79.9275
28      0
29      85.0185
30      0
31      59.4926
32      0
33      37.6352
34      0
35      0
36      54.8256
37      59.4926
38      65.4302
39      0
40      0
41      75.465
42      0
43      87.686
44      99.9704
45      79.8281
46      98.3194
47      96.2639
48      99.9704
49      69.8479
50      0
51      0
52      70.0693
53      99.9704
54      0
55      83.2441
56      99.9704
57      1.74203
58      73.9437
59      0
60      0
61      0
62      0
63      0
64      0
65      0
66      0
67      0
68      0
69      99.9704
70      0
71      96.2639
72      79.8281
73      65.4302
74      0
75      0
76      94.697
77      94.4734
78      91.9338
79      0
80      0
81      92.5281
82      94.697
83      0
84      0
85      0
86      74.7316
87      0
88      99.9497
89      0
90      84.7494
91      0
92      0
93      0
94      0
95      98.0857
96      0
97      75.465
98      0
99      71.9162
100      0
101      0
102      0
103      0
104      48.6714
105      69.2475
106      0
107      99.9704
108      0
109      65.4302
110      0
111      99.9704
112      0
113      63.5978
114      99.9704
115      54.768
116      0
117      0
118      99.9704
119      58.7867
120      96.2639
121      0
122      99.9704
123      0
124      74.2935
125      65.4302
126      0
127      77.7176
128      54.8256
129      0
130      98.3194
131      0
132      0
133      94.5012
134      98.0857
135      0
136      0
137      0
138      58.7867
139      0
140      63.5978
141      0
142      75.465
143      71.4718
144      99.9704
145      98.0857
146      83.7738
147      0
148      0
149      99.9704
150      0
151      0
152      99.9704
153      82.6232
154      54.768
155      74.2935
156      0
157      0
158      56.6365
159      0
160      0
161      99.9704
162      0
163      0
164      98.0857
165      99.9704
166      0
167      0
168      99.9704
169      93.5443
170      0
171      71.4718
172      98.2931
173      0
174      0
175      98.3194
176      63.5978
177      63.5978
178      54.8256
179      79.3478
180      99.9704
181      96.2639
182      0
183      88.0578
184      70.4271
185      69.8479
186      99.9497
187      0
188      65.4302
189      98.0857
190      99.9704
191      96.2639
192      65.4302
193      99.9704
194      0
195      84.7494
196      71.9829
197      65.7325
198      75.465
199      99.9704
TotalProfit   5910.34
