0      94.2491
1      99.0861
2      0
3      99.5615
4      57.8577
5      54.5622
6      83.7571
7      74.9724
8      56.6467
9      99.0861
10      99.5615
11      77.8549
12      50.6176
13      99.0861
14      64.0935
15      91.412
16      0
17      71.5581
18      0
19      0
20      99.5615
21      0
22      95.921
23      0
24      0
25      0
26      79.8316
27      99.2592
28      99.8494
29      80.6132
30      0
31      93.8921
32      99.9518
33      99.6455
34      0
35      80.6132
36      0
37      93.4341
38      99.6455
39      0
40      59.8655
41      0
42      62.5487
43      70.8321
44      99.322
45      99.6455
46      77.6477
47      74.9724
48      71.5581
49      0
50      99.6455
51      0
52      99.0861
53      66.319
54      0
55      62.5487
56      64.0935
57      62.5487
58      0
59      0
60      0
61      0
62      83.7571
63      99.6455
64      99.0861
65      0
66      0
67      80.6132
68      0
69      80.6132
70      0
71      0
72      64.2003
73      74.9724
74      0
75      0
76      0
77      0
78      0
79      99.3238
80      0
81      64.0935
82      64.0935
83      0
84      70.8321
85      99.6455
86      87.6522
87      95.921
88      70.8321
89      89.6051
90      0
91      99.0861
92      0
93      80.9442
94      98.139
95      0
96      99.6455
97      99.6455
98      62.147
99      0
100      54.2183
101      99.6455
102      93.6529
103      99.6455
104      80.6132
105      0
106      99.6455
107      83.7571
108      99.8494
109      62.147
110      99.6455
111      99.0861
112      0
113      99.8494
114      99.322
115      0
116      0
117      0.00409556
118      0
119      57.0469
120      0
121      64.0935
122      0
123      80.6132
124      0
125      70.8321
126      0
127      94.8179
128      0
129      53.5022
130      0
131      77.0093
132      0
133      99.5615
134      0
135      74.9724
136      70.8321
137      99.6455
138      64.5406
139      67.7133
140      57.2349
141      0
142      0
143      88.2772
144      0
145      0
146      0
147      0
148      77.0093
149      75.7333
150      66.7396
151      0
152      0
153      0
154      99.0861
155      0
156      0
157      69.41
158      57.0469
159      0
160      88.2532
161      0
162      0
163      91.412
164      57.2349
165      74.9724
166      0
167      99.0861
168      0
169      77.0093
170      95.921
171      0
172      0
173      0
174      61.6085
175      0
176      71.5581
177      86.6857
178      77.0093
179      0
180      0
181      52.1047
182      0
183      57.192
184      58.8247
185      0
186      0
187      61.9101
188      0
189      67.7133
190      0
191      99.8494
192      0
193      99.5954
194      99.322
195      0
196      0
197      68.724
198      99.9518
199      80.6132
TotalProfit   6979.75
