0      0
1      97.9803
2      0
3      0
4      96.0877
5      98.9095
6      99.8503
7      0
8      96.0877
9      0
10      0
11      0
12      0
13      96.9451
14      98.4715
15      0
16      0
17      97.5813
18      0
19      99.1706
20      66.0536
21      98.4715
22      64.0942
23      0
24      98.9393
25      96.9451
26      71.0716
27      0
28      0
29      69.4053
30      64.0942
31      0
32      90.2694
33      0
34      96.9451
35      96.0877
36      99.8503
37      0
38      0
39      71.0716
40      0
41      0
42      57.8159
43      64.0942
44      0
45      0
46      0
47      0
48      0
49      0
50      96.0877
51      54.9467
52      96.0877
53      68.4496
54      0
55      0
56      64.0942
57      98.9393
58      0
59      0
60      91.0153
61      96.0877
62      85.8892
63      68.4496
64      57.8159
65      98.4715
66      99.8503
67      94.1149
68      68.4496
69      13.9642
70      88.049
71      94.1149
72      55.59
73      57.8159
74      0
75      96.9451
76      85.8892
77      65.327
78      0
79      96.0877
80      66.3672
81      68.0986
82      76.1096
83      87.2351
84      0
85      63.4852
86      64.0942
87      57.6413
88      98.9095
89      66.3672
90      96.0877
91      0
92      0
93      0
94      0
95      0
96      0
97      99.8503
98      87.2351
99      0
100      0
101      88.049
102      0
103      0
104      52.9972
105      0
106      98.4715
107      71.9527
108      94.1149
109      57.8159
110      0
111      0
112      97.5813
113      74.2006
114      0
115      0
116      65.327
117      0
118      52.9972
119      73.984
120      0
121      99.9303
122      54.343
123      76.1096
124      91.4465
125      94.1149
126      82.7005
127      0
128      99.1706
129      96.0877
130      97.9803
131      96.9451
132      99.1706
133      0
134      98.9095
135      96.0877
136      99.9303
137      57.8159
138      96.0877
139      0
140      0
141      0
142      96.0877
143      0
144      0
145      0
146      86.4959
147      0
148      76.1096
149      54.9467
150      99.1706
151      97.1646
152      76.5363
153      87.2351
154      91.4465
155      57.8159
156      99.8503
157      0
158      93.1799
159      0
160      66.3672
161      76.5363
162      0
163      0
164      96.9451
165      0
166      98.9393
167      64.2843
168      90.2694
169      54.9467
170      0
171      96.0877
172      0
173      0
174      98.9095
175      76.5363
176      0
177      0
178      96.0877
179      99.8503
180      0
181      0
182      0
183      0
184      0
185      99.8503
186      96.0877
187      0
188      0
189      80.089
190      97.5813
191      0
192      0
193      98.4715
194      0
195      0
196      73.984
197      87.2351
198      0
199      0
TotalProfit   6492.69
