0      94.7017
1      0
2      87.3011
3      0
4      94.7017
5      0
6      0
7      92.6206
8      75.6064
9      0
10      99.8893
11      82.1726
12      0
13      0
14      30.042
15      98.7905
16      99.8893
17      85.5931
18      0
19      0
20      93.8066
21      0
22      61.4292
23      0
24      82.1726
25      93.8066
26      99.8893
27      85.5931
28      0
29      0
30      99.8893
31      55.5234
32      61.4292
33      99.8893
34      85.5931
35      66.8837
36      0
37      0.0204202
38      0
39      99.8893
40      0
41      0
42      99.8893
43      0
44      0
45      0
46      0
47      71.1428
48      94.7017
49      0
50      0
51      50.8239
52      61.4292
53      46.2831
54      70.96
55      0
56      99.8893
57      93.8066
58      0
59      0
60      49.7894
61      94.7017
62      0
63      49.7894
64      50.0099
65      0
66      0
67      99.8893
68      85.5931
69      77.5927
70      90.1405
71      0
72      0
73      0
74      87.3011
75      68.8909
76      97.522
77      0
78      99.8893
79      99.8893
80      0
81      0
82      67.9239
83      79.2069
84      63.0765
85      98.4965
86      0
87      61.4292
88      0
89      0
90      97.939
91      0
92      86.887
93      0
94      85.5931
95      0
96      93.8066
97      98.7905
98      99.9764
99      63.0765
100      61.4292
101      0
102      0
103      75.6064
104      69.1503
105      0
106      69.3765
107      93.544
108      99.8893
109      0
110      0
111      80.9189
112      94.7017
113      0
114      94.7017
115      0
116      0
117      98.4965
118      0
119      77.8147
120      63.0765
121      87.3011
122      0
123      79.2069
124      0
125      61.4292
126      0
127      79.2069
128      99.8893
129      0
130      79.2069
131      85.5931
132      65.6269
133      99.8893
134      0
135      0
136      79.2069
137      99.9764
138      99.9764
139      63.0765
140      99.9764
141      79.2069
142      65.6269
143      96.0432
144      0
145      85.5931
146      0
147      93.8066
148      99.8893
149      0
150      0
151      81.2433
152      96.0432
153      0
154      76.7807
155      0
156      99.3176
157      0
158      53.6905
159      45.5282
160      58.9278
161      75.6064
162      94.1132
163      99.8893
164      92.6206
165      94.7017
166      79.2069
167      68.8909
168      61.4292
169      0
170      0
171      75.6064
172      69.3765
173      0
174      0
175      0
176      0
177      70.96
178      0
179      70.96
180      86.887
181      0
182      0
183      0
184      93.8066
185      99.8893
186      99.8893
187      0
188      0
189      79.2069
190      77.8147
191      0
192      99.8893
193      79.2069
194      0
195      0
196      0
197      99.8893
198      0
199      87.3011
TotalProfit   6245.69
