0      0
1      67.1297
2      0
3      49.5346
4      74.6674
5      0
6      0
7      0.0844819
8      49.5346
9      61.6393
10      89.1377
11      97.3618
12      70.8711
13      0
14      88.6173
15      0
16      78.3689
17      69.0908
18      0
19      99.081
20      0
21      98.9984
22      49.5346
23      0
24      49.5346
25      95.2155
26      99.4685
27      0
28      99.4685
29      0
30      54.975
31      0
32      0
33      0
34      0
35      0
36      99.6296
37      0
38      99.4685
39      99.081
40      0
41      0
42      61.8431
43      0
44      99.4685
45      0
46      98.9984
47      0
48      99.6296
49      0
50      92.2384
51      98.9984
52      55.3735
53      1.8333
54      99.5288
55      99.4685
56      0
57      0
58      0
59      0
60      96.3815
61      0
62      92.7077
63      0
64      0
65      0
66      49.5346
67      0
68      0
69      54.975
70      74.921
71      92.7077
72      0
73      0
74      98.9984
75      0
76      96.3815
77      0
78      0
79      73.7943
80      0
81      98.9984
82      0
83      99.4685
84      99.5288
85      61.8124
86      0
87      99.7732
88      0
89      99.6421
90      88.6173
91      0
92      0
93      0
94      74.921
95      99.4685
96      99.5288
97      0
98      0.0147238
99      58.9741
100      0
101      0
102      0
103      70.8711
104      0
105      78.3689
106      99.5288
107      0
108      99.081
109      99.4685
110      96.3815
111      49.5346
112      55.3402
113      99.4685
114      0
115      74.921
116      0
117      89.1377
118      78.3689
119      55.3402
120      99.4685
121      99.081
122      0
123      55.3402
124      55.3735
125      0
126      0
127      55.3735
128      80.7344
129      0
130      94.7837
131      99.081
132      0
133      95.2155
134      96.3815
135      96.3815
136      99.4685
137      99.4685
138      99.6296
139      99.4685
140      0
141      99.6421
142      67.1297
143      66.3371
144      61.8124
145      0
146      40.6055
147      96.3815
148      99.5288
149      99.4685
150      0
151      0
152      67.1297
153      99.6421
154      67.1297
155      84.2244
156      0
157      55.3735
158      96.3815
159      99.4685
160      0
161      96.3815
162      88.6173
163      0
164      55.3735
165      0
166      0
167      0
168      99.4685
169      0
170      0
171      0
172      0
173      74.921
174      96.3815
175      74.921
176      55.3735
177      63.1375
178      0
179      84.2244
180      99.7732
181      0
182      98.9984
183      68.5356
184      0
185      0
186      88.6173
187      0
188      98.1962
189      0
190      90.2851
191      66.3371
192      61.6338
193      0
194      99.6296
195      96.3815
196      80.7344
197      0
198      99.6296
199      99.6421
TotalProfit   6119.12
