0      0
1      81.3717
2      0.682622
3      74.0164
4      0
5      98.2091
6      0
7      72.8953
8      99.6557
9      0
10      75.2183
11      99.6557
12      99.9968
13      99.6557
14      0
15      0
16      82.5589
17      99.9968
18      0
19      97.8894
20      82.5589
21      60.4695
22      0
23      0
24      0
25      99.8395
26      66.7455
27      0
28      0
29      0
30      96.8081
31      0
32      60.4695
33      0
34      99.6557
35      94.578
36      60.4695
37      51.8414
38      0
39      0
40      78.5621
41      94.3724
42      0
43      0
44      0
45      0
46      66.9718
47      57.9263
48      0
49      99.8395
50      54.1093
51      99.9968
52      51.1442
53      56.6905
54      74.0164
55      89.4658
56      99.8395
57      91.3273
58      61.6968
59      0
60      0
61      68.7374
62      66.7455
63      72.8953
64      0
65      0
66      73.7616
67      0
68      0
69      46.7334
70      0
71      0
72      0
73      99.8395
74      0
75      0
76      61.4955
77      99.8395
78      0
79      91.3273
80      0
81      49.8608
82      56.6905
83      89.6352
84      0
85      83.6679
86      0
87      99.8395
88      96.8081
89      88.2587
90      81.3849
91      0
92      73.7616
93      93.8725
94      99.8395
95      98.7123
96      0
97      66.9718
98      0
99      0
100      61.6968
101      0
102      71.857
103      0
104      95.4552
105      0
106      0
107      0
108      81.7361
109      56.6905
110      73.7616
111      78.5621
112      68.7374
113      0
114      0
115      61.6968
116      81.3849
117      0
118      99.8395
119      84.031
120      0
121      58.381
122      71.857
123      0
124      96.8081
125      57.9263
126      0
127      99.9968
128      99.6557
129      56.6905
130      98.7123
131      58.381
132      75.2183
133      0
134      74.0164
135      94.578
136      0
137      0
138      99.8395
139      50.8403
140      0
141      0
142      81.7361
143      0
144      99.8395
145      97.0563
146      84.031
147      89.6352
148      47.9194
149      56.6905
150      74.0164
151      99.6557
152      0
153      56.6905
154      78.9932
155      0
156      94.578
157      99.8395
158      0
159      0
160      0
161      0
162      75.2183
163      0
164      0
165      0
166      0
167      99.9968
168      80.7203
169      99.8395
170      88.2587
171      86.0402
172      89.4658
173      73.7616
174      0
175      61.6968
176      86.0402
177      83.6679
178      0
179      99.9968
180      0
181      0
182      0
183      80.7203
184      99.8395
185      71.857
186      99.6557
187      96.8081
188      0
189      95.7116
190      99.6557
191      0
192      75.2183
193      0
194      56.6905
195      43.5019
196      0
197      96.8081
198      74.0164
199      0
TotalProfit   7234.08
