0      0
1      83.6087
2      87.175
3      56.2015
4      80.2866
5      99.6946
6      96.6791
7      77.6723
8      78.809
9      99.2667
10      77.5352
11      99.2891
12      0
13      87.0212
14      0
15      99.8199
16      0
17      0
18      99.6946
19      69.2763
20      0
21      99.2891
22      66.2164
23      54.0534
24      80.2866
25      75.1605
26      0
27      98.0508
28      0
29      99.8199
30      0
31      0
32      70.2652
33      99.7825
34      0
35      0
36      85.7272
37      0
38      96.6791
39      75.4966
40      77.6723
41      73.0125
42      0
43      91.2071
44      0
45      71.3796
46      0
47      75.4966
48      0
49      60.0455
50      0
51      0
52      0
53      56.2015
54      64.9994
55      0
56      99.9866
57      0
58      0
59      0
60      0
61      98.3577
62      0
63      99.8199
64      0
65      56.2015
66      60.0455
67      0
68      96.6477
69      0
70      64.9261
71      0
72      75.4966
73      99.6516
74      0
75      96.6791
76      96.6791
77      99.6946
78      0
79      80.6371
80      98.1832
81      80.2866
82      0
83      85.2663
84      82.8203
85      0
86      71.3796
87      62.5356
88      0
89      96.6791
90      99.8199
91      99.9866
92      75.4966
93      99.6946
94      0
95      0
96      0
97      76.7192
98      64.9261
99      0
100      0
101      0
102      0
103      0
104      0
105      96.6477
106      48.1398
107      96.6791
108      66.4254
109      0
110      62.588
111      48.817
112      99.2891
113      99.9866
114      0
115      85.2663
116      0
117      93.5196
118      64.9994
119      99.3948
120      98.1832
121      0
122      96.6791
123      0
124      0
125      0
126      0
127      99.6516
128      85.0865
129      63.9993
130      0
131      0
132      91.5654
133      67.9184
134      0
135      0
136      87.175
137      77.6723
138      0
139      99.6516
140      67.4565
141      53.5065
142      96.6791
143      75.4966
144      80.2866
145      91.5654
146      0
147      0
148      87.175
149      98.1832
150      75.4966
151      93.5196
152      0
153      0
154      0.877547
155      99.9866
156      96.6791
157      0
158      0
159      96.6791
160      67.4565
161      0
162      99.2891
163      83.7573
164      85.2663
165      98.1832
166      0
167      56.2015
168      99.2891
169      0
170      87.175
171      0
172      75.4966
173      0
174      0
175      0
176      80.8356
177      99.8199
178      53.5868
179      0
180      56.2015
181      93.5196
182      0
183      0
184      61.4173
185      75.4966
186      0
187      87.175
188      69.7256
189      0
190      0
191      85.7272
192      95.2409
193      0
194      0
195      83.6087
196      96.6477
197      99.8199
198      56.2015
199      80.2866
TotalProfit   7208.12
