0      83.4418
1      99.8985
2      96.3122
3      0
4      0
5      79.3317
6      99.8985
7      64.098
8      99.8985
9      94.1099
10      64.098
11      58.1609
12      0.0014392
13      0.0014392
14      64.098
15      94.7542
16      75.7297
17      48.4977
18      72.0063
19      99.8985
20      99.8985
21      83.4418
22      99.197
23      0
24      61.9377
25      99.8985
26      0.0014392
27      66.6827
28      91.1025
29      0
30      75.2114
31      0
32      0
33      58.1609
34      99.8985
35      83.4418
36      0.0014392
37      99.083
38      0
39      0
40      0
41      99.8985
42      0.0014392
43      94.1099
44      79.3317
45      16.3955
46      0.0014392
47      99.083
48      89.3785
49      99.9928
50      0
51      0
52      0
53      56.121
54      0.0014392
55      79.3317
56      0.0014392
57      0
58      99.8985
59      64.098
60      99.9928
61      0
62      58.1609
63      48.4977
64      79.3317
65      0
66      79.3317
67      99.083
68      99.9928
69      0.0014392
70      0
71      94.1099
72      0
73      0
74      0
75      0
76      94.7542
77      99.083
78      48.4977
79      79.3317
80      99.083
81      99.9928
82      77.3896
83      99.8985
84      73.8993
85      94.7542
86      89.0756
87      89.3785
88      83.4418
89      0
90      96.3122
91      0.0014392
92      0
93      99.197
94      75.7297
95      0
96      99.9928
97      0
98      99.8985
99      59.1267
100      79.4126
101      0
102      0
103      0
104      99.8985
105      89.3785
106      0
107      0
108      99.8985
109      0.0014392
110      72.0063
111      99.8995
112      99.8985
113      0
114      79.3317
115      71.3375
116      0
117      84.0635
118      75.2114
119      0
120      0.0014392
121      0
122      99.8985
123      0
124      0
125      75.7297
126      65.1132
127      58.1609
128      0.0014392
129      0
130      94.7542
131      89.0756
132      94.7542
133      64.098
134      0
135      0
136      99.197
137      0
138      48.4977
139      94.7542
140      0
141      96.3122
142      94.7542
143      99.9928
144      99.8985
145      0
146      75.2114
147      83.4418
148      0.0014392
149      99.8995
150      0
151      0.0014392
152      55.643
153      3.47297
154      48.4977
155      99.8985
156      0.0014392
157      99.8985
158      0
159      0
160      0.0014392
161      0
162      0
163      0
164      0
165      99.8985
166      0.0014392
167      0.0014392
168      0
169      94.1099
170      94.7542
171      71.3375
172      0
173      0
174      0.0014392
175      94.7542
176      0
177      99.8985
178      0
179      0.0014392
180      0
181      0
182      99.083
183      0.0014392
184      91.7032
185      0.0014392
186      0
187      89.0756
188      0
189      99.8985
190      99.8995
191      66.6827
192      0
193      91.1025
194      0
195      0.0014392
196      0
197      94.7542
198      99.083
199      56.121
TotalProfit   6427.72
