0      59.271
1      95.2926
2      0
3      87.9669
4      70.8258
5      0
6      0
7      47.0643
8      0
9      98.7342
10      0
11      99.7959
12      61.7
13      99.7959
14      88.7632
15      94.3466
16      78.6314
17      72.8579
18      0
19      0
20      0
21      0
22      97.5247
23      98.7342
24      0
25      0
26      0
27      96.6298
28      68.7766
29      50.9131
30      88.7632
31      0
32      50.9131
33      96.1123
34      99.8936
35      0
36      0
37      0
38      66.7329
39      88.7632
40      0
41      99.8936
42      0
43      72.116
44      72.8579
45      0
46      0
47      99.7024
48      98.7342
49      0
50      0
51      76.5053
52      0
53      95.2926
54      65.5213
55      0
56      97.1643
57      95.8349
58      54.5641
59      94.3466
60      98.7342
61      88.7632
62      0
63      68.7766
64      0
65      0
66      0
67      0.205661
68      0
69      88.7632
70      98.7342
71      98.7342
72      0
73      0
74      99.7024
75      95.8349
76      99.7959
77      92.6839
78      89.1314
79      0
80      0
81      70.6599
82      0
83      54.793
84      0
85      58.2368
86      77.3754
87      68.7766
88      95.2926
89      66.7329
90      87.6023
91      0
92      78.6314
93      99.7959
94      0
95      99.7959
96      0
97      0
98      98.7342
99      99.4544
100      0
101      54.5641
102      0
103      95.2926
104      70.8258
105      76.5053
106      88.6015
107      95.2926
108      61.7
109      0
110      61.7
111      72.8579
112      98.7342
113      0
114      98.7342
115      78.6314
116      54.5641
117      0
118      78.6314
119      0
120      0
121      70.6599
122      0
123      0
124      54.5641
125      95.2926
126      0
127      0
128      0
129      0
130      0
131      88.7632
132      92.6839
133      73.4582
134      78.6314
135      0
136      99.7024
137      0
138      54.5641
139      0
140      61.7
141      53.7691
142      97.8987
143      99.7959
144      99.7959
145      0
146      85.9657
147      98.7342
148      70.6599
149      0
150      53.2713
151      88.7632
152      99.7024
153      99.7959
154      0
155      99.7024
156      70.8258
157      99.8936
158      70.8258
159      0
160      99.7959
161      78.6314
162      99.7959
163      0
164      0
165      0
166      0
167      0
168      0
169      97.5247
170      0
171      0
172      0
173      0
174      0
175      0
176      0
177      59.271
178      99.7959
179      98.7342
180      74.5428
181      64.1714
182      0
183      0
184      99.7959
185      0
186      0
187      95.2926
188      0
189      76.5053
190      99.7959
191      0
192      97.0163
193      72.1465
194      0
195      63.189
196      97.4197
197      0
198      63.4254
199      0
TotalProfit   6724.51
