0      89.0167
1      84.919
2      0
3      0
4      99.7961
5      86.7351
6      95.1157
7      99.039
8      88.5692
9      0
10      96.8391
11      60.8789
12      60.8789
13      0
14      74.4728
15      99.9979
16      0
17      88.9376
18      84.4128
19      95.3231
20      52.8185
21      84.919
22      0
23      52.8185
24      0
25      61.9295
26      97.7202
27      0
28      0
29      97.7202
30      0
31      0
32      74.4728
33      0
34      59.1587
35      0
36      0
37      99.7961
38      0
39      82.5888
40      93.226
41      0
42      0
43      88.9376
44      65.5253
45      0
46      88.9376
47      75.9458
48      59.1587
49      0
50      99.6198
51      99.7961
52      88.9376
53      0
54      0
55      0
56      97.7202
57      75.9458
58      0
59      59.1587
60      0
61      0
62      95.1157
63      70.9988
64      0
65      0
66      99.7961
67      0
68      0
69      0
70      68.8359
71      99.7961
72      97.7202
73      0
74      0
75      59.1587
76      99.054
77      78.7805
78      98.8342
79      0
80      97.7202
81      0
82      42.93
83      74.4728
84      78.7805
85      99.7961
86      66.4242
87      99.6198
88      83.3661
89      59.1587
90      0
91      78.7805
92      0
93      89.0167
94      0
95      59.5218
96      0
97      0
98      0
99      57.9962
100      70.9988
101      0
102      98.3787
103      0
104      0
105      0
106      0
107      0
108      0
109      0
110      0
111      0
112      65.5253
113      88.9376
114      70.1731
115      99.9979
116      0
117      78.7805
118      65.5253
119      0
120      88.9376
121      52.8185
122      65.5253
123      0
124      0
125      99.7961
126      72.6129
127      99.7961
128      97.7202
129      0
130      73.622
131      99.9979
132      99.7961
133      84.1284
134      97.7202
135      97.7202
136      0
137      0
138      96.8391
139      78.7805
140      0
141      0
142      65.7332
143      97.7202
144      98.8342
145      0
146      59.1587
147      0
148      0
149      99.7961
150      0
151      0
152      82.8688
153      84.1284
154      99.7961
155      99.7961
156      0
157      72.8934
158      88.5692
159      88.5692
160      99.7961
161      0
162      84.4128
163      0
164      0
165      88.9376
166      99.054
167      84.4128
168      99.7961
169      88.8893
170      0
171      0
172      95.1157
173      0.00368151
174      99.6198
175      0
176      78.7805
177      99.7961
178      0
179      0
180      99.7961
181      97.7202
182      99.7961
183      87.6656
184      52.8185
185      0
186      52.8185
187      98.8342
188      99.7961
189      0
190      98.8342
191      0
192      97.7202
193      59.5218
194      0
195      0
196      54.8419
197      74.4728
198      0
199      97.7202
TotalProfit   6408.56
