0      0
1      99.9946
2      62.694
3      0
4      77.127
5      64.2823
6      0
7      64.2823
8      0
9      99.9946
10      0
11      0
12      99.989
13      0
14      0
15      64.2823
16      65.5725
17      82.6906
18      0
19      99.9922
20      99.134
21      99.3276
22      99.9935
23      65.9065
24      96.1416
25      0
26      99.9946
27      99.9877
28      0
29      95.0399
30      0
31      95.0399
32      78.4066
33      0
34      99.3905
35      0
36      99.989
37      0
38      99.9946
39      96.1416
40      99.9935
41      0
42      73.3965
43      64.582
44      0
45      0
46      0
47      0
48      90.06
49      74.2967
TotalProfit   1575.44
