0      0
1      99.8412
2      0
3      86.4619
4      0
5      64.3501
6      70.7714
7      0
8      0
9      72.0138
10      99.997
11      87.6286
12      99.3684
13      0
14      88.9001
15      0
16      99.5157
17      0
18      87.6286
19      97.6302
20      0
21      99.997
22      99.997
23      59.2369
24      0
25      59.2369
26      0
27      94.0977
28      99.997
29      79.9239
30      0
31      99.997
32      87.0936
33      99.997
34      64.3501
35      99.997
36      94.0977
37      99.9729
38      99.997
39      99.5157
40      0
41      16.8938
42      0
43      99.5421
44      0
45      0
46      65.2748
47      0
48      82.7252
49      0
TotalProfit   1458.55
