0      97.96
1      79.1595
2      75.4627
3      74.0754
4      98.9687
5      79.1595
6      99.9165
7      0
8      0
9      82.167
10      92.069
11      0
12      55.3803
13      99.111
14      77.7825
15      0
16      0
17      99.9947
18      0
19      0
20      0
21      98.4982
22      97.2477
23      0
24      0
25      0
26      64.6506
27      0
28      0
29      88.4749
30      0
31      0
32      99.9947
33      78.9953
34      99.111
35      99.5209
36      99.111
37      99.9947
38      80.2151
39      99.9947
40      0
41      50.0895
42      0
43      60.1468
44      0
45      0
46      68.1042
47      79.162
48      0
49      0
TotalProfit   1524.32
