0      0
1      99.9958
2      99.9915
3      0
4      0
5      94.9358
6      66.3462
7      0
8      87.7442
9      99.9287
10      99.9915
11      0
12      75.5446
13      50.57
14      0
15      83.3784
16      0
17      99.9915
18      0
19      99.9287
20      99.9287
21      0
22      0
23      75.5446
24      0
25      83.3784
26      99.9277
27      99.4232
28      73.3452
29      0
30      0
31      0
32      91.2937
33      94.9358
34      66.39
35      94.9358
36      0
37      0
38      99.9287
39      45.746
40      99.8055
41      56.4406
42      99.9389
43      0
44      0
45      0
46      99.9389
47      0
48      66.39
49      99.9915
TotalProfit   1620.67
