0      74.5914
1      82.3512
2      0.000379313
3      52.8607
4      94.3069
5      99.9968
6      99.9952
7      0.000379313
8      0.000379313
9      99.2315
10      0.000379313
11      0
12      99.9968
13      78.51
14      0.000379313
15      0.000379313
16      78.51
17      62.0747
18      0.000379313
19      70.3586
20      0
21      75.1683
22      0
23      0.000379313
24      94.3069
25      0
26      82.2788
27      87.1221
28      99.9968
29      0.000379313
30      81.8578
31      62.0747
32      99.9968
33      0.000379313
34      78.51
35      87.1221
36      0
37      87.1561
38      99.2315
39      99.9968
40      93.3073
41      99.9973
42      0.000379313
43      99.9952
44      97.8451
45      0
46      0
47      97.8451
48      0
49      0
TotalProfit   1533.29
