0      76.3029
1      0
2      0
3      99.9148
4      99.5151
5      99.9148
6      0
7      76.3029
8      53.6644
9      0
10      92.0827
11      0
12      0.00150841
13      92.0827
14      56.8677
15      77.6281
16      0
17      98.0031
18      0
19      78.8104
20      96.5989
21      0
22      70.6851
23      3.29887
24      61.7291
25      92.0827
26      76.3029
27      88.4451
28      82.3018
29      0
30      0
31      53.6644
32      0
33      54.7035
34      60.6304
35      0
36      0
37      61.7291
38      0
39      67.6301
40      0
41      99.9148
42      0
43      99.6965
44      99.5151
45      0
46      0
47      68.0231
48      99.9443
49      88.0545
TotalProfit   1825.28
