0      99.8357
1      56.2454
2      0
3      64.9264
4      0
5      99.8843
6      0
7      46.1551
8      79.6771
9      0
10      99.8136
11      99.8992
12      95.3474
13      79.1054
14      99.9455
15      0
16      0
17      0.000564873
18      89.316
19      0
20      99.8843
21      0
22      99.5563
23      73.2903
24      0
25      0.000564873
26      99.8843
27      73.2903
28      0
29      0
30      89.1649
31      97.5821
32      0
33      0
34      0
35      89.2684
36      99.9455
37      99.9298
38      0
39      82.5151
40      99.7697
41      99.8136
42      99.8843
43      0
44      58.5565
45      0
46      0
47      57.0403
48      81.6757
49      73.2903
TotalProfit   1833.95
