0      0
1      99.9942
2      99.9923
3      0
4      0
5      80.7809
6      99.9518
7      98.2599
8      82.3216
9      0
10      0
11      84.7549
12      0
13      99.9923
14      89.0723
15      67.6612
16      99.9945
17      0
18      99.9923
19      99.9923
20      75.8781
21      99.9945
22      97.7382
23      0
24      61.7873
25      0
26      0
27      99.9095
28      84.7549
29      69.0946
30      0
31      0
32      0
33      99.9923
34      0
35      99.9923
36      0
37      0
38      0
39      0
40      99.9923
41      99.9793
42      67.8388
43      0
44      0
45      75.8781
46      0
47      54.3012
48      0
49      71.9127
TotalProfit   1671.68
