0      65.3964
1      99.9709
2      0
3      95.3527
4      72.4486
5      59.4322
6      51.1926
7      0
8      48.3689
9      0
10      87.9086
11      99.9946
12      0
13      57.5525
14      99.9946
15      99.9946
16      0
17      0
18      0
19      56.5469
20      0
21      0
22      0
23      55.8283
24      72.8729
25      0
26      71.2247
27      79.0639
28      48.3689
29      99.9709
30      57.5525
31      0
32      48.3689
33      0
34      75.9595
35      99.9047
36      0
37      0
38      0
39      99.9946
40      0
41      48.3689
42      99.9946
43      48.3689
44      71.2247
45      48.3689
46      71.7495
47      0
48      72.4486
49      85.0933
TotalProfit   1926.39
