0      38.7373
1      81.3451
2      74.0615
3      0
4      99.9953
5      0
6      0
7      79.2316
8      79.1698
9      79.2316
10      0
11      97.7689
12      68.4145
13      79.2316
14      0
15      67.2007
16      83.6466
17      79.1698
18      0
19      88.5034
20      88.5034
21      83.6466
22      0
23      0
24      0
25      99.4828
26      63.347
27      0
28      91.8367
29      99.4127
30      68.4145
31      99.9953
32      65.7827
33      99.9953
34      0
35      68.4145
36      52.1562
37      99.4127
38      0
39      74.7153
40      0
41      0
42      0
43      0
44      0
45      99.9953
46      99.9953
47      0
48      0
49      0
TotalProfit   1503.44
