0      89.5458
1      0
2      0
3      99.9946
4      0
5      99.5494
6      99.5494
7      99.9946
8      74.0884
9      78.2485
10      54.0303
11      90.2538
12      87.3508
13      0
14      99.9667
15      99.9667
16      0
17      78.2485
18      75.6785
19      0
20      89.4043
21      99.9667
22      0
23      0
24      0
25      0
26      99.9946
27      0
28      90.5842
29      0
30      0
31      0
32      51.1914
33      0
34      99.9667
35      99.9667
36      0
37      0
38      0
39      72.4918
40      99.9667
41      0
42      0
43      74.9375
44      81.6141
45      99.9667
46      0
47      75.9527
48      74.0733
49      74.0884
TotalProfit   1778.09
