0      55.768
1      99.9307
2      99.9307
3      0
4      58.0327
5      96.8107
6      0
7      0
8      76.2928
9      96.6763
10      0
11      58.0443
12      99.9692
13      0
14      0
15      89.3286
16      99.8098
17      0
18      0
19      0
20      0
21      58.0327
22      0
23      0
24      99.9849
25      76.2928
26      77.5858
27      0.0012064
28      61.7263
29      99.9692
30      99.9849
31      58.0327
32      99.9692
33      76.5719
34      0
35      99.8098
36      99.9752
37      99.9307
38      0.0012064
39      0
40      99.5067
41      50.8748
42      0
43      76.3615
44      0
45      99.9849
46      50.8748
47      99.9849
48      0
49      0
TotalProfit   1351.56
