0      0
1      89.7508
2      80.7475
3      83.0203
4      69.2302
5      0
6      78.5113
7      99.9566
8      99.9007
9      99.8564
10      0
11      99.9566
12      0
13      0
14      0
15      99.9566
16      75.0517
17      23.4622
18      0
19      73.2788
20      1.74758
21      84.8343
22      0
23      96.1876
24      0
25      89.4663
26      0
27      99.8523
28      69.2302
29      85.0618
30      0
31      77.1763
32      0
33      60.0158
34      49.141
35      99.9007
36      0
37      59.9388
38      0
39      0
40      73.2788
41      78.5113
42      98.4417
43      80.7606
44      0
45      0
46      69.1679
47      73.2788
48      0
49      0
TotalProfit   1827.7
