0      87.0638
1      0
2      0
3      57.5355
4      85.1402
5      89.0515
6      99.9969
7      65.2683
8      2.03312e-05
9      57.5343
10      2.03312e-05
11      0
12      99.9969
13      89.8542
14      0
15      0
16      93.0807
17      87.3087
18      99.9969
19      99.9969
20      83.1318
21      99.9969
22      99.9992
23      2.03312e-05
24      99.6126
25      99.9997
26      0
27      85.1402
28      0
29      89.8542
30      0
31      66.8684
32      0
33      49.0581
34      66.8684
35      0
36      57.5355
37      69.6356
38      81.2915
39      0
40      99.9969
41      0
42      0
43      91.0638
44      0
45      0
46      0
47      93.0807
48      99.9992
49      81.2915
TotalProfit   1478.54
