0      99.9826
1      0
2      99.9997
3      79.309
4      50.4002
5      0
6      0
7      0
8      50.4526
9      0
10      0
11      99.9997
12      0
13      0
14      99.9991
15      99.9991
16      0
17      0
18      99.9991
19      95.3819
20      0
21      77.5938
22      99.9991
23      0
24      0
25      99.9991
26      58.7092
27      50.4002
28      48.6837
29      79.309
30      0
31      99.998
32      0
33      88.8131
34      62.6486
35      76.5523
36      99.9991
37      0
38      0
39      99.9991
40      99.9991
41      99.998
42      62.0183
43      0
44      0
45      88.8131
46      77.9442
47      56.0661
48      70.5702
49      99.9991
TotalProfit   1793.73
