0      99.5663
1      99.9961
2      99.5663
3      94.9627
4      0
5      0
6      87.5472
7      96.4615
8      0
9      0
10      0
11      77.2351
12      0
13      99.9974
14      0
15      80.4784
16      0
17      0
18      99.9961
19      0.991323
20      99.9961
21      85.0242
22      80.4784
23      0
24      80.4784
25      0
26      0
27      0
28      0
29      42.1145
30      72.3629
31      0
32      99.9999
33      99.9974
34      67.7358
35      67.7358
36      99.9999
37      0
38      54.2345
39      99.9999
40      48.855
41      72.3629
42      0
43      99.9999
44      67.6123
45      99.8867
46      0
47      99.9999
48      99.5663
49      78.1299
TotalProfit   1328.76
