0      0
1      0
2      79.79
3      0
4      62.8216
5      99.9351
6      51.6662
7      0
8      76.0991
9      71.7863
10      0
11      0
12      99.2402
13      43.6186
14      0
15      99.9436
16      99.9351
17      0
18      80.9807
19      0
20      77.4669
21      57.9574
22      0
23      0
24      99.1231
25      86.9953
26      0
27      99.9788
28      0
29      61.6234
30      0
31      74.9404
32      0
33      59.7212
34      0
35      62.1378
36      62.8216
37      89.2847
38      72.6844
39      62.8216
40      52.6689
41      79.79
42      0
43      82.9576
44      0
45      90.7169
46      84.552
47      99.9996
48      0
49      99.9351
TotalProfit   1890.31
