0      0
1      62.1262
2      0
3      0
4      0
5      0
6      81.9598
7      63.63
8      55.686
9      81.3078
10      99.9042
11      0
12      0
13      0
14      0
15      0
16      0
17      60.1796
18      94.8206
19      99.7661
20      99.0996
21      99.0996
22      99.766
23      99.8991
24      99.7181
25      58.922
26      55.686
27      60.1796
28      99.751
29      99.7661
30      0
31      0
32      99.9042
33      0
34      0
35      0
36      0.0217343
37      87.0559
38      0
39      0
40      99.751
41      96.1938
42      94.8206
43      69.6142
44      94.8206
45      0
46      75.7145
47      0
48      0
49      69.9225
TotalProfit   1516.32
