0      0
1      87.8623
2      99.7245
3      79.3127
4      98.7984
5      0
6      0
7      98.6127
8      0
9      80.7849
10      0
11      0
12      99.7319
13      99.7749
14      0
15      99.7245
16      83.7017
17      0
18      0
19      0
20      78.673
21      99.9334
22      0
23      98.0768
24      74.448
25      47.7248
26      65.2999
27      93.8465
28      55.0422
29      0
30      1.43973
31      99.9709
32      0
33      70.1908
34      80.5239
35      0
36      91.9688
37      99.7749
38      0
39      99.4463
40      84.4601
41      0
42      0
43      0
44      99.7245
45      84.9906
46      86.2912
47      99.9709
48      0
49      0
TotalProfit   1679.84
