0      96.9493
1      99.598
2      0.000340821
3      99.9803
4      58.2565
5      54.4817
6      0
7      76.1594
8      52.9727
9      0
10      0
11      82.5693
12      52.9727
13      91.8828
14      60.5401
15      82.5693
16      99.9337
17      70.9422
18      0
19      0
20      99.9701
21      43.4813
22      94.9472
23      0
24      0
25      0
26      0
27      99.598
28      99.9963
29      0
30      0
31      88.2124
32      0
33      0
34      0
35      80.4076
36      0.000340821
37      89.5982
38      99.9803
39      0
40      61.5218
41      0.000340821
42      60.5401
43      70.6182
44      99.6179
45      99.9701
46      82.5693
47      67.6675
48      62.7191
49      0
TotalProfit   1939.25
