0      0
1      81
2      0
3      72
4      0
5      99
6      0
7      65
8      99
9      0
10      77
11      99
12      100
13      0
14      0
15      0
16      81
17      100
18      0
19      98
20      82
21      59
22      0
23      0
24      0
25      100
26      77
27      0
28      0
29      0
30      94
31      0
32      66
33      0
34      99
35      94
36      58
37      54
38      0
39      0
40      81
41      89
42      0
43      0
44      0
45      0
46      69
47      59
48      0
49      100
50      54
51      100
52      54
53      54
54      78
55      86
56      100
57      93
58      66
59      0
60      0
61      62
62      65
63      70
64      0
65      0
66      72
67      0
68      0
69      46
70      0
71      0
72      0
73      100
74      0
75      1
76      58
77      100
78      0
79      91
80      0
81      49
82      56
83      91
84      0
85      84
86      0
87      100
88      98
89      89
90      81
91      0
92      72
93      94
94      100
95      98
96      0
97      62
98      0
99      0
100      62
101      0
102      72
103      0
104      94
105      0
106      0
107      0
108      81
109      56
110      77
111      81
112      66
113      0
114      0
115      62
116      81
117      0
118      100
119      0
120      0
121      59
122      72
123      0
124      94
125      59
126      99
127      100
128      99
129      49
130      99
131      59
132      78
133      0
134      77
135      92
136      0
137      0
138      100
139      49
140      0
141      0
142      84
143      0
144      100
145      99
146      87
147      89
148      46
149      56
150      75
151      99
152      0
153      56
154      79
155      0
156      90
157      100
158      0
159      0
160      0
161      0
162      78
163      0
164      0
165      0
166      0
167      100
168      81
169      100
170      84
171      86
172      89
173      72
174      0
175      62
176      87
177      84
178      0
179      100
180      0
181      62
182      0
183      81
184      100
185      72
186      99
187      97
188      0
189      95
190      99
191      0
192      79
193      0
194      56
195      44
196      0
197      98
198      77
199      0
TotalProfit   7307.28
