0      100
1      0
2      67
3      0
4      100
5      0
6      0
7      58
8      64
9      0
10      0
11      77
12      0
13      64
14      0
15      97
16      77
17      61
18      46
19      64
20      0
21      0
22      0
23      0
24      0
25      46
26      95
27      92
28      100
29      74
30      100
31      0
32      0
33      0
34      0
35      74
36      0
37      75
38      0
39      0
40      55
41      0
42      85
43      50
44      0
45      0
46      0
47      0
48      0
49      0
50      74
51      65
52      0
53      50
54      0
55      100
56      84
57      100
58      0
59      74
60      100
61      100
62      100
63      0
64      0
65      95
66      0
67      0
68      100
69      55
70      74
71      95
72      100
73      0
74      0
75      92
76      76
77      0
78      0
79      77
80      0
81      77
82      0
83      95
84      50
85      0
86      0
87      0
88      0
89      100
90      0
91      69
92      84
93      0
94      0
95      100
96      0
97      100
98      80
99      74
100      0
101      81
102      67
103      0
104      65
105      0
106      85
107      69
108      0
109      0
110      0
111      100
112      100
113      40
114      0
115      63
116      55
117      100
118      0
119      100
120      85
121      0
122      95
123      0
124      0
125      100
126      0
127      82
128      55
129      0
130      85
131      100
132      58
133      55
134      100
135      99
136      100
137      100
138      96
139      100
140      0
141      100
142      0
143      0
144      0
145      100
146      0
147      50
148      74
149      0
150      71
151      0
152      0
153      100
154      0
155      0
156      0
157      100
158      0
159      0
160      100
161      100
162      81
163      55
164      0
165      100
166      100
167      0
168      95
169      84
170      64
171      66
172      0
173      100
174      100
175      96
176      100
177      95
178      74
179      100
180      0
181      86
182      81
183      0
184      100
185      85
186      100
187      81
188      95
189      70
190      0
191      0
192      0
193      64
194      0
195      100
196      65
197      100
198      81
199      85
TotalProfit   6415.19
