0      99
1      0
2      89
3      0
4      97
5      0
6      0
7      91
8      72
9      0
10      100
11      75
12      0
13      0
14      0
15      99
16      100
17      80
18      0
19      0
20      95
21      0
22      53
23      0
24      89
25      97
26      100
27      89
28      0
29      0
30      100
31      61
32      61
33      100
34      83
35      66
36      0
37      0
38      0
39      100
40      0
41      0
42      100
43      0
44      0
45      0
46      0
47      71
48      99
49      0
50      0
51      56
52      62
53      56
54      78
55      0
56      100
57      85
58      0
59      0
60      44
61      99
62      0
63      56
64      47
65      0
66      0
67      100
68      83
69      78
70      91
71      0
72      0
73      0
74      91
75      64
76      100
77      0
78      100
79      100
80      0
81      0
82      66
83      78
84      62
85      99
86      0
87      65
88      0
89      0
90      99
91      0
92      85
93      0
94      0
95      100
96      94
97      100
98      100
99      61
100      61
101      0
102      0
103      71
104      61
105      0
106      69
107      91
108      100
109      0
110      0
111      79
112      95
113      0
114      99
115      0
116      0
117      100
118      0
119      79
120      61
121      88
122      0
123      80
124      0
125      61
126      3
127      78
128      100
129      0
130      78
131      84
132      62
133      100
134      0
135      0
136      78
137      100
138      100
139      62
140      100
141      78
142      67
143      99
144      0
145      83
146      0
147      99
148      100
149      0
150      0
151      80
152      99
153      0
154      78
155      0
156      100
157      0
158      52
159      48
160      56
161      77
162      99
163      100
164      89
165      99
166      80
167      67
168      61
169      0
170      0
171      76
172      69
173      0
174      53
175      0
176      0
177      69
178      0
179      70
180      84
181      0
182      0
183      0
184      95
185      100
186      100
187      0
188      0
189      80
190      78
191      0
192      100
193      83
194      0
195      0
196      0
197      100
198      0
199      85
TotalProfit   6308.2
