0      64
1      87
2      100
3      100
4      0
5      96
6      64
7      84
8      90
9      0
10      0
11      67
12      0
13      0
14      100
15      81
16      0
17      81
18      0
19      0
20      0
21      0
22      96
23      0
24      100
25      100
26      0
27      100
28      68
29      0
30      0
31      89
32      0
33      0
34      80
35      100
36      0
37      0
38      84
39      90
40      52
41      84
42      2
43      82
44      100
45      61
46      84
47      100
48      75
49      60
50      0
51      64
52      0
53      75
54      77
55      49
56      56
57      100
58      100
59      58
60      100
61      95
62      0
63      69
64      100
65      0
66      82
67      61
68      0
69      0
70      49
71      0
72      0
73      81
74      0
75      70
76      0
77      69
78      54
79      87
80      100
81      100
82      0
83      75
84      0
85      77
86      100
87      70
88      0
89      54
90      100
91      0
92      0
93      95
94      100
95      58
96      87
97      98
98      100
99      52
100      0
101      98
102      71
103      100
104      0
105      90
106      0
107      0
108      0
109      75
110      0
111      99
112      0
113      100
114      100
115      100
116      0
117      0
118      0
119      0
120      75
121      87
122      0
123      0
124      87
125      64
126      71
127      84
128      98
129      61
130      0
131      0
132      0
133      95
134      0
135      0
136      62
137      97
138      0
139      0
140      100
141      58
142      0
143      99
144      0
145      0
146      0
147      61
148      0
149      47
150      49
151      0
152      0
153      87
154      97
155      61
156      75
157      61
158      95
159      0
160      0
161      0
162      97
163      62
164      62
165      0
166      0
167      100
168      0
169      90
170      100
171      81
172      100
173      0
174      78
175      0
176      81
177      0
178      100
179      87
180      0
181      0
182      81
183      100
184      84
185      81
186      97
187      0
188      0
189      0
190      75
191      0
192      97
193      64
194      0
195      0
196      100
197      100
198      0
199      69
TotalProfit   6870.95
