0      87
1      0
2      40
3      0
4      99
5      0
6      91
7      0
8      100
9      85
10      0
11      0
12      76
13      83
14      87
15      100
16      100
17      65
18      68
19      0
20      0
21      90
22      79
23      0
24      99
25      60
26      55
27      0
28      0
29      0
30      0
31      94
32      76
33      87
34      100
35      0
36      56
37      0
38      94
39      77
40      0
41      0
42      56
43      0
44      0
45      0
46      77
47      65
48      94
49      0
50      72
51      0
52      91
53      95
54      0
55      0
56      68
57      87
58      64
59      91
60      0
61      56
62      64
63      100
64      0
65      100
66      0
67      0
68      99
69      0
70      91
71      64
72      100
73      0
74      0
75      0
76      0
77      65
78      73
79      100
80      100
81      0
82      0
83      68
84      0
85      0
86      87
87      0
88      0
89      0
90      76
91      94
92      0
93      0
94      0
95      95
96      79
97      0
98      0
99      56
100      0
101      0
102      99
103      76
104      90
105      0
106      0
107      0
108      65
109      49
110      79
111      94
112      0
113      79
114      91
115      0
116      67
117      0
118      0
119      56
120      0
121      84
122      55
123      50
124      100
125      0
126      0
127      89
128      87
129      0
130      0
131      0
132      94
133      95
134      100
135      0
136      99
137      76
138      0
139      100
140      0
141      0
142      99
143      56
144      0
145      0
146      100
147      99
148      0
149      55
150      55
151      100
152      0
153      88
154      0
155      0
156      100
157      0
158      0
159      0
160      72
161      99
162      100
163      100
164      0
165      87
166      53
167      0
168      0
169      94
170      100
171      99
172      99
173      65
174      94
175      63
176      99
177      0
178      100
179      100
180      0
181      100
182      0
183      0
184      0
185      72
186      94
187      0
188      0
189      91
190      100
191      0
192      100
193      0
194      55
195      100
196      92
197      92
198      87
199      0
TotalProfit   6532.09
