0      0
1      99
2      0
3      0
4      95
5      99
6      100
7      0
8      90
9      0
10      0
11      0
12      0
13      97
14      99
15      0
16      0
17      98
18      0
19      100
20      56
21      99
22      64
23      0
24      100
25      96
26      65
27      0
28      0
29      70
30      64
31      0
32      92
33      0
34      95
35      96
36      100
37      0
38      100
39      70
40      0
41      0
42      53
43      68
44      0
45      0
46      0
47      0
48      0
49      0
50      94
51      50
52      94
53      70
54      0
55      0
56      66
57      100
58      0
59      0
60      83
61      95
62      81
63      66
64      58
65      99
66      100
67      93
68      66
69      0
70      90
71      91
72      55
73      65
74      0
75      0
76      81
77      62
78      2
79      95
80      69
81      69
82      79
83      85
84      0
85      64
86      65
87      55
88      99
89      66
90      95
91      0
92      0
93      0
94      0
95      0
96      0
97      100
98      86
99      0
100      0
101      88
102      0
103      0
104      51
105      0
106      99
107      74
108      91
109      62
110      0
111      0
112      99
113      74
114      0
115      0
116      66
117      0
118      52
119      71
120      0
121      100
122      51
123      76
124      93
125      94
126      82
127      0
128      100
129      95
130      99
131      95
132      100
133      0
134      99
135      95
136      100
137      62
138      95
139      0
140      0
141      0
142      94
143      0
144      0
145      0
146      83
147      0
148      76
149      54
150      100
151      96
152      81
153      83
154      86
155      55
156      100
157      0
158      94
159      0
160      68
161      77
162      0
163      0
164      95
165      0
166      100
167      58
168      86
169      54
170      0
171      95
172      0
173      0
174      100
175      79
176      0
177      0
178      95
179      100
180      100
181      0
182      0
183      0
184      0
185      100
186      95
187      0
188      0
189      82
190      98
191      0
192      0
193      99
194      0
195      0
196      75
197      85
198      0
199      0
TotalProfit   6561.9
