0      88
1      83
2      0
3      0
4      100
5      77
6      89
7      100
8      86
9      0
10      91
11      63
12      64
13      0
14      65
15      100
16      0
17      87
18      83
19      94
20      53
21      83
22      80
23      58
24      0
25      70
26      98
27      0
28      0
29      98
30      0
31      0
32      67
33      0
34      60
35      0
36      0
37      100
38      0
39      80
40      87
41      0
42      0
43      87
44      64
45      0
46      85
47      72
48      60
49      0
50      100
51      100
52      85
53      0
54      0
55      0
56      97
57      74
58      0
59      64
60      0
61      0
62      88
63      68
64      0
65      0
66      100
67      0
68      0
69      0
70      68
71      100
72      94
73      0
74      0
75      60
76      100
77      77
78      100
79      0
80      91
81      0
82      47
83      74
84      80
85      0
86      67
87      100
88      80
89      64
90      0
91      77
92      0
93      87
94      100
95      60
96      0
97      0
98      0
99      59
100      70
101      0
102      100
103      0
104      0
105      0
106      0
107      0
108      0
109      0
110      0
111      0
112      64
113      0
114      64
115      100
116      0
117      75
118      65
119      0
120      87
121      54
122      65
123      0
124      0
125      100
126      70
127      100
128      97
129      0
130      74
131      100
132      100
133      80
134      89
135      94
136      0
137      0
138      94
139      76
140      0
141      0
142      66
143      96
144      100
145      0
146      60
147      0
148      0
149      100
150      0
151      0
152      80
153      81
154      100
155      100
156      0
157      70
158      83
159      83
160      100
161      0
162      83
163      0
164      0
165      85
166      100
167      80
168      100
169      85
170      0
171      0
172      91
173      0
174      100
175      0
176      74
177      100
178      0
179      0
180      100
181      97
182      100
183      83
184      56
185      0
186      51
187      100
188      100
189      0
190      100
191      0
192      98
193      64
194      0
195      21
196      57
197      74
198      0
199      97
TotalProfit   6393.28
