0      97
1      38
2      0
3      67
4      100
5      89
6      59
7      67
8      0
9      0
10      91
11      67
12      0
13      95
14      79
15      91
16      0
17      99
18      100
19      59
20      0
21      79
22      88
23      0
24      0
25      0
26      0
27      0
28      0
29      0
30      89
31      68
32      39
33      0
34      79
35      100
36      0
37      0
38      0
39      95
40      73
41      52
42      97
43      0
44      0
45      0
46      0
47      67
48      97
49      95
50      0
51      100
52      0
53      0
54      59
55      0
56      67
57      44
58      89
59      0
60      0
61      91
62      0
63      0
64      0
65      0
66      0
67      100
68      52
69      86
70      73
71      52
72      0
73      100
74      0
75      79
76      44
77      0
78      91
79      97
80      82
81      0
82      83
83      96
84      91
85      0
86      100
87      0
88      100
89      0
90      59
91      0
92      0
93      0
94      100
95      0
96      79
97      0
98      100
99      68
100      67
101      0
102      0
103      44
104      0
105      0
106      73
107      73
108      83
109      0
110      96
111      0
112      73
113      91
114      79
115      0
116      79
117      0
118      97
119      0
120      73
121      0
122      0
123      59
124      82
125      99
126      0
127      97
128      0
129      78
130      0
131      0
132      67
133      89
134      0
135      100
136      44
137      73
138      98
139      59
140      59
141      91
142      0
143      88
144      69
145      0
146      73
147      97
148      0
149      0
150      68
151      0
152      97
153      54
154      87
155      97
156      97
157      100
158      100
159      0
160      91
161      0
162      89
163      0
164      100
165      83
166      97
167      0
168      52
169      0
170      0
171      0
172      73
173      100
174      0
175      100
176      97
177      100
178      99
179      0
180      59
181      52
182      67
183      100
184      0
185      39
186      0
187      0
188      0
189      100
190      100
191      100
192      100
193      88
194      100
195      67
196      67
197      0
198      67
199      52
TotalProfit   6989.34
