0      76
1      79
2      0
3      53
4      92
5      100
6      100
7      0
8      0
9      95
10      0
11      0
12      100
13      79
14      0
15      59
16      76
17      76
18      0
19      66
20      0
21      71
22      0
23      0
24      91
25      0
26      88
27      86
28      0
29      0
30      79
31      59
32      100
33      0
34      79
35      0
36      0
37      89
38      0
39      0
40      88
41      100
42      100
43      100
44      92
45      0
46      100
47      93
48      0
49      0
50      0
51      0
52      0
53      0
54      0
55      61
56      0
57      0
58      82
59      100
60      61
61      0
62      67
63      100
64      0
65      71
66      90
67      0
68      0
69      0
70      85
71      100
72      57
73      89
74      97
75      53
76      79
77      0
78      0
79      100
80      0
81      0
82      86
83      79
84      79
85      86
86      0
87      56
88      81
89      0
90      53
91      88
92      0
93      79
94      0
95      91
96      85
97      0
98      0
99      0
100      97
101      50
102      100
103      91
104      97
105      69
106      100
107      0
108      100
109      100
110      55
111      53
112      95
113      0
114      79
115      100
116      0
117      0
118      0
119      0
120      100
121      100
122      0
123      0
124      97
125      100
126      100
127      100
128      100
129      100
130      97
131      100
132      82
133      76
134      0
135      76
136      0
137      76
138      85
139      0
140      0
141      71
142      0
143      0
144      91
145      93
146      79
147      86
148      61
149      71
150      0
151      100
152      100
153      0
154      0
155      79
156      97
157      0
158      79
159      0
160      0
161      85
162      0
163      0
164      91
165      57
166      100
167      0
168      100
169      100
170      71
171      100
172      92
173      0
174      53
175      0
176      0
177      97
178      79
179      0
180      8
181      0
182      0
183      100
184      0
185      100
186      0
187      0
188      0
189      92
190      0
191      100
192      67
193      0
194      0
195      71
196      0
197      53
198      0
199      69
TotalProfit   6427.81
