0      82
1      0
2      0
3      62
4      80
5      84
6      100
7      0
8      0
9      61
10      0
11      0
12      100
13      82
14      0
15      100
16      95
17      82
18      100
19      0
20      78
21      100
22      100
23      0
24      97
25      100
26      100
27      78
28      0
29      84
30      0
31      61
32      81
33      46
34      0
35      0
36      57
37      61
38      67
39      0
40      0
41      76
42      0
43      90
44      100
45      77
46      100
47      97
48      100
49      62
50      0
51      0
52      73
53      100
54      0
55      81
56      100
57      0
58      67
59      0
60      0
61      0
62      0
63      0
64      0
65      2
66      0
67      0
68      0
69      100
70      0
71      95
72      78
73      61
74      0
75      0
76      94
77      91
78      90
79      0
80      0
81      90
82      94
83      0
84      0
85      0
86      75
87      0
88      100
89      0
90      82
91      0
92      0
93      0
94      0
95      97
96      0
97      76
98      0
99      72
100      0
101      0
102      0
103      0
104      46
105      67
106      0
107      100
108      0
109      61
110      0
111      100
112      0
113      56
114      100
115      46
116      0
117      0
118      100
119      58
120      97
121      0
122      100
123      0
124      74
125      61
126      0
127      75
128      52
129      0
130      100
131      0
132      0
133      95
134      97
135      0
136      0
137      0
138      57
139      0
140      61
141      0
142      62
143      61
144      100
145      97
146      82
147      0
148      0
149      100
150      0
151      97
152      100
153      81
154      52
155      75
156      0
157      0
158      57
159      0
160      0
161      100
162      0
163      0
164      99
165      100
166      0
167      0
168      100
169      91
170      0
171      68
172      97
173      0
174      0
175      100
176      58
177      56
178      51
179      81
180      100
181      97
182      0
183      86
184      68
185      67
186      100
187      0
188      62
189      97
190      100
191      94
192      62
193      100
194      0
195      84
196      75
197      62
198      75
199      100
TotalProfit   5914.63
