0      97
1      99
2      0
3      0
4      60
5      75
6      86
7      69
8      55
9      99
10      99
11      80
12      48
13      99
14      67
15      89
16      0
17      75
18      0
19      0
20      99
21      0
22      99
23      0
24      0
25      0
26      85
27      99
28      100
29      92
30      0
31      97
32      100
33      100
34      0
35      83
36      0
37      91
38      100
39      0
40      62
41      0
42      62
43      73
44      99
45      100
46      85
47      73
48      73
49      0
50      100
51      0
52      99
53      59
54      0
55      56
56      62
57      62
58      0
59      0
60      0
61      0
62      85
63      0
64      98
65      66
66      0
67      85
68      0
69      83
70      0
71      0
72      67
73      74
74      0
75      0
76      0
77      0
78      0
79      99
80      0
81      66
82      67
83      0
84      72
85      100
86      90
87      91
88      72
89      90
90      0
91      98
92      0
93      85
94      98
95      0
96      100
97      100
98      62
99      0
100      56
101      100
102      91
103      100
104      83
105      0
106      100
107      85
108      100
109      62
110      100
111      97
112      0
113      100
114      99
115      0
116      0
117      0
118      0
119      37
120      0
121      66
122      0
123      82
124      53
125      67
126      0
127      91
128      0
129      48
130      0
131      78
132      0
133      99
134      0
135      76
136      72
137      100
138      69
139      71
140      61
141      0
142      0
143      90
144      0
145      0
146      0
147      0
148      80
149      76
150      70
151      0
152      0
153      0
154      98
155      0
156      0
157      72
158      53
159      0
160      87
161      0
162      0
163      91
164      56
165      74
166      0
167      98
168      0
169      76
170      92
171      0
172      0
173      0
174      59
175      0
176      73
177      82
178      80
179      0
180      0
181      48
182      0
183      55
184      56
185      0
186      0
187      62
188      0
189      70
190      0
191      100
192      0
193      100
194      99
195      0
196      0
197      71
198      100
199      80
TotalProfit   6992.69
