0      0
1      0
2      91
3      75
4      83
5      100
6      98
7      82
8      78
9      99
10      74
11      100
12      0
13      88
14      0
15      100
16      0
17      0
18      100
19      70
20      0
21      99
22      67
23      62
24      79
25      75
26      0
27      98
28      0
29      100
30      0
31      0
32      73
33      100
34      0
35      0
36      85
37      0
38      98
39      75
40      79
41      75
42      0
43      91
44      0
45      72
46      0
47      75
48      0
49      51
50      0
51      0
52      0
53      55
54      59
55      0
56      100
57      0
58      0
59      0
60      0
61      95
62      0
63      99
64      0
65      57
66      59
67      0
68      93
69      0
70      72
71      0
72      79
73      100
74      0
75      97
76      96
77      100
78      0
79      83
80      98
81      79
82      0
83      87
84      82
85      0
86      70
87      67
88      0
89      93
90      100
91      100
92      75
93      100
94      0
95      0
96      0
97      76
98      65
99      0
100      0
101      0
102      0
103      0
104      0
105      93
106      55
107      96
108      67
109      0
110      63
111      53
112      100
113      100
114      0
115      88
116      0
117      91
118      65
119      100
120      99
121      0
122      95
123      0
124      0
125      0
126      0
127      100
128      85
129      65
130      0
131      0
132      91
133      70
134      0
135      0
136      88
137      76
138      0
139      100
140      70
141      51
142      96
143      75
144      79
145      91
146      0
147      0
148      88
149      98
150      76
151      92
152      0
153      0
154      0
155      100
156      98
157      0
158      0
159      96
160      67
161      0
162      100
163      85
164      88
165      99
166      0
167      55
168      100
169      0
170      88
171      0
172      76
173      0
174      0
175      0
176      82
177      100
178      54
179      0
180      55
181      91
182      0
183      0
184      63
185      75
186      46
187      88
188      73
189      0
190      0
191      88
192      92
193      0
194      0
195      84
196      93
197      100
198      55
199      79
TotalProfit   7133.67
