0      60
1      0
2      66
3      0
4      0
5      93
6      100
7      100
8      0
9      0
10      0
11      0
12      100
13      67
14      0
15      84
16      73
17      92
18      59
19      0
20      0
21      100
22      0
23      82
24      66
25      79
26      71
27      71
28      60
29      0
30      77
31      79
32      62
33      100
34      77
35      0
36      0
37      92
38      79
39      100
40      66
41      0
42      0
43      0
44      0
45      94
46      0
47      45
48      0
49      60
50      93
51      84
52      84
53      0
54      0
55      82
56      0
57      0
58      73
59      73
60      64
61      83
62      97
63      0
64      77
65      93
66      100
67      83
68      57
69      0
70      0
71      100
72      0
73      0
74      0
75      0
76      0
77      0
78      0
79      56
80      0
81      52
82      0
83      95
84      0
85      0
86      59
87      100
88      71
89      0
90      0
91      100
92      48
93      0
94      0
95      61
96      0
97      66
98      0
99      0
100      100
101      0
102      66
103      91
104      0
105      100
106      79
107      0
108      100
109      100
110      0
111      0
112      100
113      73
114      79
115      0
116      100
117      0
118      91
119      52
120      93
121      67
122      91
123      100
124      93
125      91
126      0
127      100
128      52
129      91
130      79
131      0
132      52
133      0
134      52
135      0
136      88
137      0
138      0
139      0
140      66
141      0
142      82
143      0
144      0
145      93
146      0
147      0
148      100
149      71
150      95
151      0
152      52
153      100
154      84
155      0
156      98
157      0
158      84
159      60
160      100
161      71
162      0
163      91
164      52
165      84
166      0
167      91
168      60
169      100
170      51
171      73
172      91
173      0
174      100
175      64
176      95
177      100
178      0
179      0
180      91
181      96
182      0
183      0
184      0
185      0
186      97
187      59
188      71
189      20
190      0
191      0
192      45
193      0
194      79
195      60
196      0
197      0
198      0
199      0
TotalProfit   6891.11
