0      0
1      0
2      0
3      100
4      0
5      99
6      99
7      100
8      72
9      83
10      57
11      97
12      94
13      0
14      99
15      100
16      0
17      77
18      77
19      0
20      98
21      100
22      0
23      0
24      0
25      100
26      100
27      0
28      95
29      0
30      0
31      0
32      57
33      0
34      100
35      0
36      0
37      0
38      0
39      62
40      100
41      100
42      0
43      80
44      83
45      100
46      0
47      95
48      72
49      76
50      94
51      0
52      0
53      0
54      72
55      100
56      0
57      0
58      0
59      90
60      0
61      65
62      100
63      43
64      99
65      57
66      90
67      99
68      100
69      0
70      0
71      0
72      48
73      0
74      100
75      62
76      0
77      0
78      99
79      74
80      0
81      57
82      0
83      50
84      0
85      94
86      100
87      0
88      69
89      100
90      100
91      0
92      83
93      0
94      61
95      0
96      0
97      95
98      61
99      90
100      0
101      71
102      80
103      52
104      99
105      0
106      0
107      57
108      0
109      83
110      98
111      0
112      100
113      0
114      100
115      0
116      50
117      100
118      61
119      71
120      100
121      72
122      99
123      72
124      83
125      0
126      100
127      67
128      0
129      0
130      100
131      0
132      63
133      63
134      99
135      57
136      62
137      0
138      0
139      100
140      0
141      100
142      72
143      94
144      0
145      100
146      0
147      0
148      57
149      0
150      0
151      95
152      100
153      74
154      99
155      0
156      0
157      98
158      0
159      77
160      0
161      0
162      100
163      100
164      0
165      98
166      90
167      100
168      0
169      57
170      67
171      100
172      98
173      98
174      61
175      0
176      59
177      94
178      0
179      0
180      0
181      100
182      0
183      57
184      74
185      0
186      90
187      0
188      0
189      99
190      74
191      0
192      0
193      100
194      99
195      80
196      84
197      100
198      0
199      0
TotalProfit   6988.84
