0      58
1      99
2      95
3      58
4      52
5      93
6      0
7      0
8      75
9      0
10      0
11      76
12      100
13      0
14      99
15      96
16      96
17      62
18      0
19      0
20      0
21      58
22      79
23      0
24      100
25      0
26      79
27      0
28      58
29      0
30      100
31      50
32      0
33      77
34      0
35      96
36      0
37      99
38      0
39      0
40      94
41      0
42      86
43      75
44      0
45      100
46      50
47      100
48      0
49      0
50      96
51      66
52      0
53      79
54      96
55      100
56      96
57      94
58      0
59      58
60      96
61      0
62      81
63      0
64      99
65      0
66      76
67      0
68      0
69      0
70      0
71      79
72      0
73      0
74      0
75      0
76      94
77      80
78      86
79      66
80      96
81      76
82      100
83      100
84      99
85      0
86      100
87      0
88      99
89      0
90      100
91      75
92      0
93      0
94      66
95      0
96      79
97      0
98      96
99      0
100      86
101      62
102      100
103      72
104      86
105      0
106      79
107      0
108      52
109      58
110      99
111      64
112      0
113      79
114      100
115      75
116      79
117      99
118      83
119      0
120      0
121      66
122      74
123      83
124      100
125      100
126      100
127      100
128      0
129      0
130      0
131      86
132      66
133      0
134      64
135      0
136      0
137      94
138      0
139      0
140      100
141      87
142      0
143      79
144      0
145      100
146      75
147      66
148      77
149      93
150      83
151      75
152      66
153      50
154      87
155      75
156      100
157      0
158      0
159      79
160      83
161      0
162      52
163      96
164      0
165      0
166      4
167      100
168      0
169      0
170      0
171      94
172      0
173      0
174      0
175      0
176      58
177      0
178      0
179      75
180      0
181      0
182      100
183      74
184      96
185      99
186      96
187      0
188      76
189      100
190      0
191      57
192      0
193      58
194      0
195      0
196      62
197      75
198      48
199      0
TotalProfit   5953.36
