0      57
1      82
2      0
3      87
4      73
5      0
6      0
7      44
8      0
9      100
10      0
11      100
12      65
13      100
14      93
15      94
16      80
17      75
18      0
19      0
20      0
21      0
22      97
23      98
24      0
25      0
26      0
27      96
28      73
29      0
30      90
31      0
32      49
33      96
34      100
35      0
36      0
37      0
38      65
39      88
40      0
41      100
42      0
43      75
44      73
45      0
46      0
47      100
48      100
49      0
50      0
51      75
52      0
53      92
54      62
55      0
56      97
57      97
58      53
59      88
60      98
61      88
62      0
63      70
64      0
65      0
66      0
67      0
68      0
69      88
70      97
71      100
72      0
73      0
74      100
75      96
76      100
77      90
78      92
79      0
80      0
81      73
82      0
83      53
84      0
85      55
86      83
87      70
88      94
89      65
90      91
91      0
92      87
93      100
94      0
95      100
96      0
97      0
98      97
99      100
100      0
101      53
102      0
103      94
104      70
105      79
106      87
107      94
108      55
109      0
110      53
111      73
112      98
113      0
114      100
115      82
116      53
117      0
118      87
119      0
120      0
121      70
122      0
123      0
124      51
125      94
126      0
127      0
128      100
129      0
130      0
131      88
132      92
133      73
134      82
135      0
136      100
137      0
138      51
139      0
140      59
141      51
142      97
143      100
144      100
145      0
146      87
147      100
148      70
149      0
150      49
151      88
152      100
153      100
154      0
155      100
156      67
157      100
158      71
159      0
160      100
161      79
162      100
163      0
164      0
165      0
166      0
167      0
168      0
169      97
170      0
171      0
172      0
173      0
174      0
175      0
176      0
177      55
178      100
179      100
180      73
181      62
182      0
183      0
184      100
185      0
186      0
187      96
188      0
189      75
190      100
191      0
192      97
193      71
194      0
195      59
196      97
197      0
198      55
199      0
TotalProfit   6599.16
