0      0
1      0
2      0
3      97
4      0
5      71
6      71
7      0
8      0
9      99
10      0
11      47
12      0
13      0
14      54
15      54
16      0
17      73
18      0
19      0
20      81
21      84
22      83
23      0
24      46
25      100
26      0
27      46
28      98
29      75
30      71
31      0
32      62
33      92
34      71
35      98
36      53
37      0
38      100
39      0
40      62
41      81
42      93
43      0
44      0
45      0
46      75
47      96
48      50
49      51
50      78
51      100
52      0
53      98
54      0
55      98
56      62
57      100
58      0
59      65
60      0
61      100
62      0
63      100
64      80
65      65
66      0
67      0
68      0
69      50
70      0
71      0
72      71
73      71
74      71
75      62
76      0
77      0
78      88
79      0
80      99
81      100
82      62
83      0
84      100
85      98
86      50
87      88
88      0
89      100
90      0
91      100
92      0
93      0
94      0
95      0
96      88
97      51
98      0
99      71
100      0
101      0
102      62
103      88
104      0
105      0
106      100
107      0
108      96
109      84
110      74
111      0
112      79
113      88
114      100
115      0
116      85
117      0
118      60
119      0
120      0
121      98
122      88
123      85
124      0
125      0
126      79
127      51
128      0
129      88
130      0
131      63
132      98
133      0
134      93
135      85
136      0
137      0
138      100
139      0
140      0
141      100
142      84
143      0
144      52
145      89
146      79
147      0
148      0
149      96
150      0
151      0
152      0
153      0
154      65
155      100
156      74
157      0
158      0
159      0
160      78
161      78
162      74
163      100
164      0
165      67
166      97
167      100
168      0
169      75
170      81
171      84
172      55
173      100
174      98
175      73
176      78
177      75
178      100
179      79
180      98
181      0
182      100
183      54
184      55
185      100
186      54
187      58
188      75
189      100
190      0
191      0
192      0
193      71
194      0
195      0
196      100
197      55
198      0
199      81
TotalProfit   6939.75
