0      69
1      85
2      81
3      100
4      85
5      75
6      0
7      86
8      0
9      100
10      59
11      0
12      87
13      62
14      59
15      97
16      0
17      0
18      75
19      99
20      0
21      0
22      56
23      57
24      0
25      0
26      100
27      0
28      97
29      73
30      98
31      0
32      97
33      100
34      70
35      100
36      100
37      80
38      0
39      0
40      77
41      0
42      82
43      0
44      94
45      0
46      0
47      62
48      0
49      42
50      77
51      90
52      0
53      100
54      100
55      0
56      45
57      92
58      0
59      82
60      0
61      0
62      0
63      0
64      0
65      100
66      86
67      68
68      85
69      68
70      85
71      100
72      0
73      87
74      0
75      78
76      0
77      0
78      75
79      0
80      0
81      89
82      0
83      0
84      0
85      64
86      74
87      0
88      0
89      0
90      96
91      100
92      100
93      0
94      100
95      0
96      0
97      0
98      82
99      100
100      0
101      75
102      57
103      45
104      100
105      0
106      50
107      56
108      0
109      90
110      78
111      50
112      0
113      56
114      100
115      0
116      0
117      0
118      64
119      0
120      100
121      0
122      0
123      0
124      0
125      100
126      68
127      0
128      0
129      100
130      60
131      60
132      100
133      92
134      94
135      100
136      97
137      0
138      97
139      0
140      64
141      75
142      92
143      74
144      99
145      100
146      0
147      41
148      56
149      100
150      88
151      0
152      97
153      49
154      50
155      87
156      0
157      75
158      0
159      0
160      100
161      0
162      100
163      0
164      78
165      68
166      77
167      77
168      0
169      0
170      62
171      92
172      70
173      0
174      0
175      0
176      0
177      62
178      99
179      0
180      89
181      0
182      96
183      100
184      0
185      0
186      99
187      0
188      68
189      63
190      0
191      0
192      100
193      85
194      86
195      0
196      0
197      74
198      86
199      66
TotalProfit   7225.51
