0      73
1      100
2      97
3      0
4      0
5      86
6      100
7      86
8      100
9      94
10      71
11      71
12      0
13      0
14      54
15      94
16      81
17      49
18      79
19      100
20      100
21      92
22      99
23      0
24      65
25      100
26      0
27      71
28      92
29      0
30      77
31      0
32      0
33      61
34      100
35      84
36      0
37      98
38      0
39      0
40      0
41      100
42      0
43      94
44      79
45      25
46      0
47      97
48      89
49      100
50      0
51      0
52      0
53      59
54      0
55      81
56      0
57      0
58      100
59      61
60      100
61      0
62      61
63      54
64      79
65      0
66      81
67      97
68      100
69      0
70      0
71      94
72      0
73      0
74      0
75      0
76      97
77      98
78      49
79      79
80      98
81      100
82      79
83      100
84      76
85      94
86      86
87      89
88      85
89      0
90      97
91      0
92      0
93      99
94      78
95      0
96      100
97      0
98      100
99      65
100      81
101      0
102      0
103      0
104      98
105      93
106      0
107      0
108      99
109      0
110      72
111      100
112      100
113      0
114      79
115      71
116      0
117      86
118      77
119      0
120      0
121      0
122      100
123      0
124      44
125      79
126      71
127      60
128      0
129      0
130      94
131      86
132      96
133      0
134      0
135      0
136      98
137      0
138      54
139      97
140      0
141      97
142      96
143      100
144      100
145      0
146      79
147      86
148      0
149      100
150      0
151      0
152      49
153      0
154      54
155      100
156      0
157      100
158      0
159      0
160      0
161      0
162      0
163      0
164      0
165      100
166      0
167      0
168      0
169      94
170      94
171      65
172      0
173      0
174      0
175      96
176      0
177      100
178      0
179      0
180      0
181      0
182      97
183      0
184      92
185      0
186      0
187      86
188      0
189      100
190      100
191      72
192      0
193      93
194      0
195      0
196      0
197      97
198      97
199      58
TotalProfit   6518.35
