0      0
1      67
2      100
3      54
4      68
5      0
6      0
7      0
8      53
9      59
10      89
11      95
12      0
13      50
14      81
15      0
16      81
17      67
18      0
19      96
20      0
21      96
22      50
23      0
24      50
25      89
26      100
27      0
28      97
29      0
30      50
31      0
32      0
33      0
34      0
35      0
36      100
37      0
38      100
39      98
40      0
41      0
42      56
43      0
44      100
45      0
46      98
47      0
48      100
49      0
50      88
51      96
52      62
53      0
54      100
55      100
56      0
57      0
58      0
59      0
60      93
61      0
62      91
63      0
64      0
65      0
66      49
67      0
68      0
69      50
70      74
71      82
72      0
73      0
74      96
75      0
76      91
77      0
78      0
79      73
80      0
81      96
82      0
83      100
84      100
85      59
86      0
87      100
88      0
89      100
90      82
91      0
92      0
93      0
94      71
95      100
96      100
97      0
98      0
99      54
100      0
101      0
102      0
103      68
104      0
105      74
106      100
107      0
108      98
109      100
110      93
111      48
112      50
113      100
114      0
115      70
116      0
117      88
118      74
119      56
120      100
121      98
122      0
123      56
124      59
125      0
126      0
127      59
128      78
129      0
130      83
131      98
132      0
133      91
134      93
135      86
136      100
137      100
138      100
139      100
140      0
141      100
142      62
143      64
144      56
145      0
146      45
147      93
148      100
149      100
150      0
151      0
152      64
153      100
154      68
155      82
156      0
157      56
158      91
159      100
160      0
161      91
162      82
163      0
164      50
165      0
166      0
167      0
168      100
169      0
170      0
171      0
172      0
173      72
174      93
175      73
176      59
177      61
178      0
179      82
180      100
181      0
182      96
183      68
184      0
185      0
186      83
187      0
188      94
189      21
190      92
191      67
192      56
193      0
194      100
195      91
196      81
197      0
198      100
199      100
TotalProfit   6232.75
